batch_item_no,candidate_id,question_id,difficulty,category,source_file,source_record_id,split,refusal_expected,is_hallucination,has_citation,response_time_ms,question,context,generated_answer,lawyer_decision,lawyer_comment,corrected_answer,reviewer_name
1,01ee8167e67f42a4,,,,api-gateway/src/data_pipeline/fixtures/tbk_detail.html,madde:113:tpl:1,train_pending_review,,,,,TBK m.113'e göre temel kural nedir?,"[Kaynak: TBK m.113] Başlık: 2. Yapma ve yapmama / Yapma borcu, borçlu tarafından ifa edilmediği takdirde
alacaklı, masrafı borçluya ait olmak üzere edimin kendisi veya başkası tarafından ifasına izin verilmesini isteyebilir; her türlü giderim isteme hakkı saklıdır. Yapmama borcuna aykırı davranan borçlu, bu aykırı davranışının doğurduğu zararı gidermekle yükümlüdür. Alacaklı, ayrıca borca aykırı durumun ortadan kaldırılmasını veya bu konuda masrafı borçluya ait olmak üzere kendisinin yetkili kılınmasını isteyebilir. II. Sorumluluğun ve giderim borcunun kapsamı","TBK m.113 metnine göre: ""alacaklı, masrafı borçluya ait olmak üzere edimin kendisi veya başkası tarafından ifasına izin verilmesini isteyebilir; her türlü giderim isteme hakkı saklıdır."" [Kaynak: TBK m.113]",,,,
2,048f05ad732b63f1,,,,api-gateway/src/data_pipeline/fixtures/tbk_detail.html,madde:113:tpl:3,train_pending_review,,,,,TBK m.113 kapsamında düzenlenen hususu tek paragrafta özetler misin?,"[Kaynak: TBK m.113] Başlık: 2. Yapma ve yapmama / Yapma borcu, borçlu tarafından ifa edilmediği takdirde
alacaklı, masrafı borçluya ait olmak üzere edimin kendisi veya başkası tarafından ifasına izin verilmesini isteyebilir; her türlü giderim isteme hakkı saklıdır. Yapmama borcuna aykırı davranan borçlu, bu aykırı davranışının doğurduğu zararı gidermekle yükümlüdür. Alacaklı, ayrıca borca aykırı durumun ortadan kaldırılmasını veya bu konuda masrafı borçluya ait olmak üzere kendisinin yetkili kılınmasını isteyebilir. II. Sorumluluğun ve giderim borcunun kapsamı","Özet: ""alacaklı, masrafı borçluya ait olmak üzere edimin kendisi veya başkası tarafından ifasına izin verilmesini isteyebilir; her türlü giderim isteme hakkı saklıdır."" [Kaynak: TBK m.113]",,,,
3,0abaaadd4894bf43,,,,api-gateway/src/data_pipeline/fixtures/tbk_detail.html,madde:111:tpl:4,train_pending_review,,,,,TBK m.111 metninden doğrudan dayanakla cevap ver: bu maddede hangi ilke yazılıdır?,"[Kaynak: TBK m.111] Başlık: F. Diğer ifa engelleri / Borçlunun kusuru olmaksızın, alacağın kime ait
olduğunda veya alacaklının kimliğinde duraksama sebebiyle ya da alacaklıdan kaynaklanan diğer kişisel bir sebeple borç, alacaklıya veya temsilcisine ifa edilemezse borçlu, alacaklının temerrüdünde olduğu gibi, tevdi ya da sözleşmeden dönme hakkını kullanabilir. İKİNCİ AYIRIM Borçların İfa Edilmemesinin Sonuçları A. Borcun ifa edilmemesi I. Giderim borcu","Doğrudan metin dayanağı: ""olduğunda veya alacaklının kimliğinde duraksama sebebiyle ya da alacaklıdan kaynaklanan diğer kişisel bir sebeple borç, alacaklıya veya temsilcisine ifa edilemezse borçlu, alacaklının temerrüdünde olduğu gibi, tevdi ya da sözleşmeden dönme hakkını kullanabilir."" [Kaynak: TBK m.111]",,,,
4,1166ff9cf3b3ca5f,,,,api-gateway/src/data_pipeline/fixtures/tbk_detail.html,madde:102:tpl:1,train_pending_review,,,,,TBK m.102'e göre temel kural nedir?,"[Kaynak: TBK m.102] Başlık: Kanunen geçerli bir açıklama yapılmadığı veya makbuzda
bir açıklık bulunmadığı durumda ödeme, muaccel borç için yapılmış sayılır. Birden çok borç muaccel ise ödemenin, borçluya karşı ilk olarak takip edilen borç için yapılmış olduğu kabul edilir. Takip yapılmamış ise ödeme, vadesi ilk önce gelmiş olan borç için yapılmış olur. Birden çok borcun vadesi aynı zamanda gelmişse, mahsup orantılı olarak; borçlardan hiçbirinin vadesi gelmemişse ödeme, güvencesi en az olan borç için yapılmış sayılır. III. Makbuz ve senetlerin geri verilmesi","TBK m.102 metnine göre: ""bir açıklık bulunmadığı durumda ödeme, muaccel borç için yapılmış sayılır. Birden çok borç muaccel ise ödemenin, borçluya karşı ilk olarak takip edilen borç için yapılmış olduğu kabul edilir."" [Kaynak: TBK m.102]",,,,
5,147eb235e384984c,,,,api-gateway/src/data_pipeline/fixtures/tbk_detail.html,madde:105:tpl:3,train_pending_review,,,,,TBK m.105 kapsamında düzenlenen hususu tek paragrafta özetler misin?,"[Kaynak: TBK m.105] Başlık: 3. Senedin geri / Alacaklı, borç senedini kaybettiğini iddia ederse,
borçlunun istemi üzerine, borcu ödeme sırasında, kendisine borç senedinin iptalini ve borcun sona ermiş olduğunu gösteren resmen düzenlenmiş veya usulüne göre onaylanmış bir belge vermek zorundadır. Kıymetli evrakın iptaline ilişkin hükümler saklıdır. E. Alacaklının temerrüdü","Özet: ""borçlunun istemi üzerine, borcu ödeme sırasında, kendisine borç senedinin iptalini ve borcun sona ermiş olduğunu gösteren resmen düzenlenmiş veya usulüne göre onaylanmış bir belge vermek zorundadır."" [Kaynak: TBK m.105]",,,,
6,15bf13b917027a4e,,,,api-gateway/src/data_pipeline/fixtures/tbk_detail.html,madde:G2:tpl:4,train_pending_review,,,,,TBK Geçici m.2 metninden doğrudan dayanakla cevap ver: bu maddede hangi ilke yazılıdır?,"[Kaynak: TBK Geçici m.2]
(Ek: 14/7/2023-7456/23 md.) Konut kiraları bakımından 2/7/2023 ilâ 1/7/2024 (bu tarihler dâhil) tarihleri arasında yenilenen kira dönemlerinde uygulanacak kira bedeline ilişkin anlaşmalar, bir önceki kira yılına ait kira bedelinin yüzde yirmi beşini geçmemek koşuluyla geçerlidir. Bir önceki kira yılının tüketici fiyat endeksindeki oniki aylık ortalamalara göre değişim oranının yüzde yirmi beşin altında kalması halinde değişim oranı geçerlidir. Bu kural, bir yıldan daha uzun süreli kira sözleşmelerinde de uygulanır. Bu oranları geçecek şekilde yapılan sözleşmeler, fazla miktar yönünden geçersizdir. Bu fıkra hükmü, 344 üncü maddenin ikinci fıkrası uyarınca hâkim tarafından verilecek kararlar bakımından da uygulanır. Yürürlük","Doğrudan metin dayanağı: ""(Ek: 14/7/2023-7456/23 md.) Konut kiraları bakımından 2/7/2023 ilâ 1/7/2024 (bu tarihler dâhil) tarihleri arasında yenilenen kira dönemlerinde uygulanacak kira bedeline ilişkin anlaşmalar, bir önceki kira yılına ait kira bedelinin yüzde yirmi beşini geçmemek koşuluyla geçerlidir."" [Kaynak: TBK Geçici m.2]",,,,
7,16809ee8a9c43f57,,,,api-gateway/src/data_pipeline/fixtures/tbk_detail.html,madde:10:tpl:2,train_pending_review,,,,,TBK m.10 hükmünü kaynak metne dayanarak kısa şekilde açıklar mısın?,"[Kaynak: TBK m.10] Başlık: 7. Önerinin ve kabulün / Geri alma
açıklaması, diğer tarafa öneriden önce veya aynı anda ulaşmış ya da daha sonra ulaşmakla birlikte diğer tarafça öneriden önce öğrenilmiş olursa, öneri yapılmamış sayılır. Bu kural, kabulün geri alınmasında da uygulanır.","Madde metni şu kuralı içerir: ""açıklaması, diğer tarafa öneriden önce veya aynı anda ulaşmış ya da daha sonra ulaşmakla birlikte diğer tarafça öneriden önce öğrenilmiş olursa, öneri yapılmamış sayılır."" [Kaynak: TBK m.10]",,,,
8,18405504d3e5beee,,,,api-gateway/src/data_pipeline/fixtures/tbk_detail.html,madde:114:tpl:2,train_pending_review,,,,,TBK m.114 hükmünü kaynak metne dayanarak kısa şekilde açıklar mısın?,"[Kaynak: TBK m.114] Başlık: 1. Genel olarak / Borçlu, genel olarak her türlü kusurdan sorumludur.
Borçlunun sorumluluğunun kapsamı, işin özel niteliğine göre belirlenir. İş özellikle borçlu için bir yarar sağlamıyorsa, sorumluluk daha hafif olarak değerlendirilir. Haksız fiil sorumluluğuna ilişkin hükümler, kıyas yoluyla sözleşmeye aykırılık hâllerine de uygulanır.","Madde metni şu kuralı içerir: ""Borçlunun sorumluluğunun kapsamı, işin özel niteliğine göre belirlenir. İş özellikle borçlu için bir yarar sağlamıyorsa, sorumluluk daha hafif olarak değerlendirilir."" [Kaynak: TBK m.114]",,,,
9,1d5da9be195430aa,,,,api-gateway/src/data_pipeline/fixtures/tbk_detail.html,madde:G1:tpl:1,train_pending_review,,,,,TBK Geçici m.1'e göre temel kural nedir?,"[Kaynak: TBK Geçici m.1]
(Ek:8/6/2022-7409/4 md.) Konut kiraları bakımından bu maddenin yürürlüğe girdiği tarih ilâ 1/7/2023 (bu tarih dâhil) tarihleri arasında yenilenen kira dönemlerinde uygulanacak kira bedeline ilişkin anlaşmalar, bir önceki kira yılına ait kira bedelinin yüzde yirmi beşini geçmemek koşuluyla geçerlidir. Bir önceki kira yılının tüketici fiyat endeksindeki oniki aylık ortalamalara göre değişim oranının yüzde yirmi beşin altında kalması halinde değişim oranı geçerlidir. Bu kural, bir yıldan daha uzun süreli kira sözleşmelerinde de uygulanır. Bu oranları geçecek şekilde yapılan sözleşmeler, fazla miktar yönünden geçersizdir. Bu fıkra hükmü, 344 üncü maddenin ikinci fıkrası uyarınca hâkim tarafından verilecek kararlar bakımından da uygulanır.","TBK Geçici m.1 metnine göre: ""(Ek:8/6/2022-7409/4 md.) Konut kiraları bakımından bu maddenin yürürlüğe girdiği tarih ilâ 1/7/2023 (bu tarih dâhil) tarihleri arasında yenilenen kira dönemlerinde uygulanacak kira bedeline ilişkin anlaşmalar, bir önceki kira yılına ait kira bedelinin yüzde yirmi beşini geçmemek koşuluyla geçerlidir."" [Kaynak: TBK Geçici m.1]",,,,
10,21549d8563a9cafd,,,,api-gateway/src/data_pipeline/fixtures/tbk_detail.html,madde:10:tpl:4,train_pending_review,,,,,TBK m.10 metninden doğrudan dayanakla cevap ver: bu maddede hangi ilke yazılıdır?,"[Kaynak: TBK m.10] Başlık: 7. Önerinin ve kabulün / Geri alma
açıklaması, diğer tarafa öneriden önce veya aynı anda ulaşmış ya da daha sonra ulaşmakla birlikte diğer tarafça öneriden önce öğrenilmiş olursa, öneri yapılmamış sayılır. Bu kural, kabulün geri alınmasında da uygulanır.","Doğrudan metin dayanağı: ""açıklaması, diğer tarafa öneriden önce veya aynı anda ulaşmış ya da daha sonra ulaşmakla birlikte diğer tarafça öneriden önce öğrenilmiş olursa, öneri yapılmamış sayılır."" [Kaynak: TBK m.10]",,,,
11,27526130f6b0281f,,,,api-gateway/src/data_pipeline/fixtures/tbk_detail.html,madde:112:tpl:2,train_pending_review,,,,,TBK m.112 hükmünü kaynak metne dayanarak kısa şekilde açıklar mısın?,"[Kaynak: TBK m.112] Başlık: 1. Genel olarak / Borç hiç veya gereği gibi ifa edilmezse borçlu, kendisine
hiçbir kusurun yüklenemeyeceğini ispat etmedikçe, alacaklının bundan doğan zararını gidermekle yükümlüdür.","Madde metni şu kuralı içerir: ""hiçbir kusurun yüklenemeyeceğini ispat etmedikçe, alacaklının bundan doğan zararını gidermekle yükümlüdür."" [Kaynak: TBK m.112]",,,,
12,2886f62fe3934608,,,,api-gateway/src/data_pipeline/fixtures/tbk_detail.html,madde:119:tpl:3,train_pending_review,,,,,TBK m.119 kapsamında düzenlenen hususu tek paragrafta özetler misin?,"[Kaynak: TBK m.119] Başlık: Temerrüde düşen borçlu, beklenmedik hâl sebebiyle
doğacak zarardan sorumludur. Borçlu, temerrüde düşmekte kusuru olmadığını veya borcunu zamanında ifa etmiş olsaydı bile beklenmedik hâlin ifa konusu şeye zarar vereceğini ispat ederek bu sorumluluktan kurtulabilir.","Özet: ""doğacak zarardan sorumludur. Borçlu, temerrüde düşmekte kusuru olmadığını veya borcunu zamanında ifa etmiş olsaydı bile beklenmedik hâlin ifa konusu şeye zarar vereceğini ispat ederek bu sorumluluktan kurtulabilir."" [Kaynak: TBK m.119]",,,,
13,2b1397aa27a6bf40,,,,api-gateway/src/data_pipeline/fixtures/tbk_detail.html,madde:118:tpl:4,train_pending_review,,,,,TBK m.118 metninden doğrudan dayanakla cevap ver: bu maddede hangi ilke yazılıdır?,"[Kaynak: TBK m.118] Başlık: 1. Genel olarak / Temerrüde düşen borçlu, temerrüde düşmekte kusuru
olmadığını ispat etmedikçe, borcun geç ifasından dolayı alacaklının uğradığı zararı gidermekle yükümlüdür. b. Beklenmedik hâlden sorumluluk","Doğrudan metin dayanağı: ""olmadığını ispat etmedikçe, borcun geç ifasından dolayı alacaklının uğradığı zararı gidermekle yükümlüdür."" [Kaynak: TBK m.118]",,,,
14,2e9b9d89e2e8c0e1,,,,api-gateway/src/data_pipeline/fixtures/tbk_detail.html,madde:G1:tpl:2,train_pending_review,,,,,TBK Geçici m.1 hükmünü kaynak metne dayanarak kısa şekilde açıklar mısın?,"[Kaynak: TBK Geçici m.1]
(Ek:8/6/2022-7409/4 md.) Konut kiraları bakımından bu maddenin yürürlüğe girdiği tarih ilâ 1/7/2023 (bu tarih dâhil) tarihleri arasında yenilenen kira dönemlerinde uygulanacak kira bedeline ilişkin anlaşmalar, bir önceki kira yılına ait kira bedelinin yüzde yirmi beşini geçmemek koşuluyla geçerlidir. Bir önceki kira yılının tüketici fiyat endeksindeki oniki aylık ortalamalara göre değişim oranının yüzde yirmi beşin altında kalması halinde değişim oranı geçerlidir. Bu kural, bir yıldan daha uzun süreli kira sözleşmelerinde de uygulanır. Bu oranları geçecek şekilde yapılan sözleşmeler, fazla miktar yönünden geçersizdir. Bu fıkra hükmü, 344 üncü maddenin ikinci fıkrası uyarınca hâkim tarafından verilecek kararlar bakımından da uygulanır.","Madde metni şu kuralı içerir: ""(Ek:8/6/2022-7409/4 md.) Konut kiraları bakımından bu maddenin yürürlüğe girdiği tarih ilâ 1/7/2023 (bu tarih dâhil) tarihleri arasında yenilenen kira dönemlerinde uygulanacak kira bedeline ilişkin anlaşmalar, bir önceki kira yılına ait kira bedelinin yüzde yirmi beşini geçmemek koşuluyla geçerlidir."" [Kaynak: TBK Geçici m.1]",,,,
15,2f7bd6b2cd3391ac,,,,api-gateway/src/data_pipeline/fixtures/tbk_detail.html,madde:115:tpl:2,train_pending_review,,,,,TBK m.115 hükmünü kaynak metne dayanarak kısa şekilde açıklar mısın?,"[Kaynak: TBK m.115] Başlık: 2. Sorumsuzluk anlaşması / Borçlunun ağır kusurundan sorumlu olmayacağına ilişkin
önceden yapılan anlaşma kesin olarak hükümsüzdür. Borçlunun alacaklı ile hizmet sözleşmesinden kaynaklanan herhangi bir borç sebebiyle sorumlu olmayacağına ilişkin olarak önceden yaptığı her türlü anlaşma kesin olarak hükümsüzdür. Uzmanlığı gerektiren bir hizmet, meslek veya sanat, ancak kanun ya da yetkili makamlar tarafından verilen izinle yürütülebiliyorsa, borçlunun hafif kusurundan sorumlu olmayacağına ilişkin önceden yapılan anlaşma kesin olarak hükümsüzdür.","Madde metni şu kuralı içerir: ""önceden yapılan anlaşma kesin olarak hükümsüzdür. Borçlunun alacaklı ile hizmet sözleşmesinden kaynaklanan herhangi bir borç sebebiyle sorumlu olmayacağına ilişkin olarak önceden yaptığı her türlü anlaşma kesin olarak hükümsüzdür."" [Kaynak: TBK m.115]",,,,
16,3023f7d6baf8c952,,,,api-gateway/src/data_pipeline/fixtures/tbk_detail.html,madde:102:tpl:3,train_pending_review,,,,,TBK m.102 kapsamında düzenlenen hususu tek paragrafta özetler misin?,"[Kaynak: TBK m.102] Başlık: Kanunen geçerli bir açıklama yapılmadığı veya makbuzda
bir açıklık bulunmadığı durumda ödeme, muaccel borç için yapılmış sayılır. Birden çok borç muaccel ise ödemenin, borçluya karşı ilk olarak takip edilen borç için yapılmış olduğu kabul edilir. Takip yapılmamış ise ödeme, vadesi ilk önce gelmiş olan borç için yapılmış olur. Birden çok borcun vadesi aynı zamanda gelmişse, mahsup orantılı olarak; borçlardan hiçbirinin vadesi gelmemişse ödeme, güvencesi en az olan borç için yapılmış sayılır. III. Makbuz ve senetlerin geri verilmesi","Özet: ""bir açıklık bulunmadığı durumda ödeme, muaccel borç için yapılmış sayılır. Birden çok borç muaccel ise ödemenin, borçluya karşı ilk olarak takip edilen borç için yapılmış olduğu kabul edilir."" [Kaynak: TBK m.102]",,,,
17,345f9cc0c4b4e06c,,,,api-gateway/src/data_pipeline/fixtures/tbk_detail.html,madde:119:tpl:4,train_pending_review,,,,,TBK m.119 metninden doğrudan dayanakla cevap ver: bu maddede hangi ilke yazılıdır?,"[Kaynak: TBK m.119] Başlık: Temerrüde düşen borçlu, beklenmedik hâl sebebiyle
doğacak zarardan sorumludur. Borçlu, temerrüde düşmekte kusuru olmadığını veya borcunu zamanında ifa etmiş olsaydı bile beklenmedik hâlin ifa konusu şeye zarar vereceğini ispat ederek bu sorumluluktan kurtulabilir.","Doğrudan metin dayanağı: ""doğacak zarardan sorumludur. Borçlu, temerrüde düşmekte kusuru olmadığını veya borcunu zamanında ifa etmiş olsaydı bile beklenmedik hâlin ifa konusu şeye zarar vereceğini ispat ederek bu sorumluluktan kurtulabilir."" [Kaynak: TBK m.119]",,,,
18,35da62d8a70fb800,,,,api-gateway/src/data_pipeline/fixtures/tbk_detail.html,madde:118:tpl:1,train_pending_review,,,,,TBK m.118'e göre temel kural nedir?,"[Kaynak: TBK m.118] Başlık: 1. Genel olarak / Temerrüde düşen borçlu, temerrüde düşmekte kusuru
olmadığını ispat etmedikçe, borcun geç ifasından dolayı alacaklının uğradığı zararı gidermekle yükümlüdür. b. Beklenmedik hâlden sorumluluk","TBK m.118 metnine göre: ""olmadığını ispat etmedikçe, borcun geç ifasından dolayı alacaklının uğradığı zararı gidermekle yükümlüdür."" [Kaynak: TBK m.118]",,,,
19,35ef9235fd2ad874,,,,api-gateway/src/data_pipeline/fixtures/tbk_detail.html,madde:118:tpl:3,train_pending_review,,,,,TBK m.118 kapsamında düzenlenen hususu tek paragrafta özetler misin?,"[Kaynak: TBK m.118] Başlık: 1. Genel olarak / Temerrüde düşen borçlu, temerrüde düşmekte kusuru
olmadığını ispat etmedikçe, borcun geç ifasından dolayı alacaklının uğradığı zararı gidermekle yükümlüdür. b. Beklenmedik hâlden sorumluluk","Özet: ""olmadığını ispat etmedikçe, borcun geç ifasından dolayı alacaklının uğradığı zararı gidermekle yükümlüdür."" [Kaynak: TBK m.118]",,,,
20,383b7feab0cdb459,,,,api-gateway/src/data_pipeline/fixtures/tbk_detail.html,madde:104:tpl:2,train_pending_review,,,,,TBK m.104 hükmünü kaynak metne dayanarak kısa şekilde açıklar mısın?,"[Kaynak: TBK m.104] Başlık: 2. Hükümleri / Faiz veya kira bedeli gibi dönemsel edimlerden biri
için, alacaklı tarafından çekince belirtilmeksizin makbuz verilmişse, önceki dönemlere ait edimler de ifa edilmiş sayılır. Alacaklı anaparanın tamamı için makbuz vermişse, faizlerini de almış olduğu kabul edilir. Borç senedi borçluya geri verilmişse, borç sona ermiş sayılır.","Madde metni şu kuralı içerir: ""için, alacaklı tarafından çekince belirtilmeksizin makbuz verilmişse, önceki dönemlere ait edimler de ifa edilmiş sayılır."" [Kaynak: TBK m.104]",,,,
21,39746622ea51175c,,,,api-gateway/src/data_pipeline/fixtures/tbk_detail.html,madde:119:tpl:2,train_pending_review,,,,,TBK m.119 hükmünü kaynak metne dayanarak kısa şekilde açıklar mısın?,"[Kaynak: TBK m.119] Başlık: Temerrüde düşen borçlu, beklenmedik hâl sebebiyle
doğacak zarardan sorumludur. Borçlu, temerrüde düşmekte kusuru olmadığını veya borcunu zamanında ifa etmiş olsaydı bile beklenmedik hâlin ifa konusu şeye zarar vereceğini ispat ederek bu sorumluluktan kurtulabilir.","Madde metni şu kuralı içerir: ""doğacak zarardan sorumludur. Borçlu, temerrüde düşmekte kusuru olmadığını veya borcunu zamanında ifa etmiş olsaydı bile beklenmedik hâlin ifa konusu şeye zarar vereceğini ispat ederek bu sorumluluktan kurtulabilir."" [Kaynak: TBK m.119]",,,,
22,3d7824b7ee917c54,,,,api-gateway/src/data_pipeline/fixtures/tbk_detail.html,madde:111:tpl:1,train_pending_review,,,,,TBK m.111'e göre temel kural nedir?,"[Kaynak: TBK m.111] Başlık: F. Diğer ifa engelleri / Borçlunun kusuru olmaksızın, alacağın kime ait
olduğunda veya alacaklının kimliğinde duraksama sebebiyle ya da alacaklıdan kaynaklanan diğer kişisel bir sebeple borç, alacaklıya veya temsilcisine ifa edilemezse borçlu, alacaklının temerrüdünde olduğu gibi, tevdi ya da sözleşmeden dönme hakkını kullanabilir. İKİNCİ AYIRIM Borçların İfa Edilmemesinin Sonuçları A. Borcun ifa edilmemesi I. Giderim borcu","TBK m.111 metnine göre: ""olduğunda veya alacaklının kimliğinde duraksama sebebiyle ya da alacaklıdan kaynaklanan diğer kişisel bir sebeple borç, alacaklıya veya temsilcisine ifa edilemezse borçlu, alacaklının temerrüdünde olduğu gibi, tevdi ya da sözleşmeden dönme hakkını kullanabilir."" [Kaynak: TBK m.111]",,,,
23,42229bfb9bffb40f,,,,api-gateway/src/data_pipeline/fixtures/tbk_detail.html,madde:11:tpl:2,train_pending_review,,,,,TBK m.11 hükmünü kaynak metne dayanarak kısa şekilde açıklar mısın?,"[Kaynak: TBK m.11] Başlık: III. Hazır olmayanlar / Hazır olmayanlar arasında kurulan sözleşmeler, kabulün
gönderildiği andan başlayarak hüküm doğurur. Açık bir kabulün gerekli olmadığı durumlarda, sözleşme önerinin ulaşma anından başlayarak hüküm doğurur. B. Sözleşmelerin şekli","Madde metni şu kuralı içerir: ""gönderildiği andan başlayarak hüküm doğurur. Açık bir kabulün gerekli olmadığı durumlarda, sözleşme önerinin ulaşma anından başlayarak hüküm doğurur."" [Kaynak: TBK m.11]",,,,
24,42a3867c92319bd3,,,,api-gateway/src/data_pipeline/fixtures/tbk_detail.html,madde:108:tpl:3,train_pending_review,,,,,TBK m.108 kapsamında düzenlenen hususu tek paragrafta özetler misin?,"[Kaynak: TBK m.108] Başlık: Sözleşmenin konusu olan şeyin niteliği veya işin
özelliği tevdi edilmesine uygun düşmez veya teslim edilecek şey bozulabilir ya da bakımı, korunması veya tevdi edilmesi önemli bir gideri gerektirir ise, borçlu, alacaklıya önceden ihtarda bulunması koşuluyla, hâkimin izniyle onu açık artırma yoluyla sattırıp bedelini tevdi edebilir. Teslim edilecek şey, borsada kayıtlıysa veya piyasa fiyatı varsa ya da yapılacak gidere oranla değeri az ise, satışın açık artırma yoluyla yapılması zorunlu olmadığı gibi, hâkim, önceden ihtarda bulunma koşulunu aramaksızın satışa izin verebilir. c. Tevdi konusunu geri alma","Özet: ""özelliği tevdi edilmesine uygun düşmez veya teslim edilecek şey bozulabilir ya da bakımı, korunması veya tevdi edilmesi önemli bir gideri gerektirir ise, borçlu, alacaklıya önceden ihtarda bulunması koşuluyla, hâkimin izniyle onu açık artırma yoluyla sattırıp bedelini tevdi edebilir."" [Kaynak: TBK m.108]",,,,
25,4ba00499f3eb2423,,,,api-gateway/src/data_pipeline/fixtures/tbk_detail.html,madde:114:tpl:3,train_pending_review,,,,,TBK m.114 kapsamında düzenlenen hususu tek paragrafta özetler misin?,"[Kaynak: TBK m.114] Başlık: 1. Genel olarak / Borçlu, genel olarak her türlü kusurdan sorumludur.
Borçlunun sorumluluğunun kapsamı, işin özel niteliğine göre belirlenir. İş özellikle borçlu için bir yarar sağlamıyorsa, sorumluluk daha hafif olarak değerlendirilir. Haksız fiil sorumluluğuna ilişkin hükümler, kıyas yoluyla sözleşmeye aykırılık hâllerine de uygulanır.","Özet: ""Borçlunun sorumluluğunun kapsamı, işin özel niteliğine göre belirlenir. İş özellikle borçlu için bir yarar sağlamıyorsa, sorumluluk daha hafif olarak değerlendirilir."" [Kaynak: TBK m.114]",,,,
26,4bdfa5b416443c3e,,,,api-gateway/src/data_pipeline/fixtures/tbk_detail.html,madde:117:tpl:1,train_pending_review,,,,,TBK m.117'e göre temel kural nedir?,"[Kaynak: TBK m.117] Başlık: I. Koşulları / Muaccel bir borcun borçlusu, alacaklının ihtarıyla
temerrüde düşer. Borcun ifa edileceği gün, birlikte belirlenmiş veya sözleşmede saklı tutulan bir hakka dayanarak taraflardan biri usulüne uygun bir bildirimde bulunmak suretiyle belirlemişse, bu günün geçmesiyle; haksız fiilde fiilin işlendiği, sebepsiz zenginleşmede ise zenginleşmenin gerçekleştiği tarihte borçlu temerrüde düşmüş olur. Ancak sebepsiz zenginleşenin iyiniyetli olduğu hâllerde temerrüt için bildirim şarttır. II. Hükümleri","TBK m.117 metnine göre: ""temerrüde düşer. Borcun ifa edileceği gün, birlikte belirlenmiş veya sözleşmede saklı tutulan bir hakka dayanarak taraflardan biri usulüne uygun bir bildirimde bulunmak suretiyle belirlemişse, bu günün geçmesiyle; haksız fiilde fiilin işlendiği, sebepsiz zenginleşmede ise zenginleşmenin gerçekleştiği tarihte borçlu temerrüde düşmüş olur."" [Kaynak: TBK m.117]",,,,
27,50fc99c90a9c78c7,,,,api-gateway/src/data_pipeline/fixtures/tbk_detail.html,madde:10:tpl:3,train_pending_review,,,,,TBK m.10 kapsamında düzenlenen hususu tek paragrafta özetler misin?,"[Kaynak: TBK m.10] Başlık: 7. Önerinin ve kabulün / Geri alma
açıklaması, diğer tarafa öneriden önce veya aynı anda ulaşmış ya da daha sonra ulaşmakla birlikte diğer tarafça öneriden önce öğrenilmiş olursa, öneri yapılmamış sayılır. Bu kural, kabulün geri alınmasında da uygulanır.","Özet: ""açıklaması, diğer tarafa öneriden önce veya aynı anda ulaşmış ya da daha sonra ulaşmakla birlikte diğer tarafça öneriden önce öğrenilmiş olursa, öneri yapılmamış sayılır."" [Kaynak: TBK m.10]",,,,
28,517711e3d1b6512e,,,,api-gateway/src/data_pipeline/fixtures/tbk_detail.html,madde:11:tpl:4,train_pending_review,,,,,TBK m.11 metninden doğrudan dayanakla cevap ver: bu maddede hangi ilke yazılıdır?,"[Kaynak: TBK m.11] Başlık: III. Hazır olmayanlar / Hazır olmayanlar arasında kurulan sözleşmeler, kabulün
gönderildiği andan başlayarak hüküm doğurur. Açık bir kabulün gerekli olmadığı durumlarda, sözleşme önerinin ulaşma anından başlayarak hüküm doğurur. B. Sözleşmelerin şekli","Doğrudan metin dayanağı: ""gönderildiği andan başlayarak hüküm doğurur. Açık bir kabulün gerekli olmadığı durumlarda, sözleşme önerinin ulaşma anından başlayarak hüküm doğurur."" [Kaynak: TBK m.11]",,,,
29,56eb24c4239b22e0,,,,api-gateway/src/data_pipeline/fixtures/tbk_detail.html,madde:101:tpl:3,train_pending_review,,,,,TBK m.101 kapsamında düzenlenen hususu tek paragrafta özetler misin?,"[Kaynak: TBK m.101] Başlık: 2. Birden çok borçta / Birden çok borcu bulunan borçlu, ödeme gününde bu
borçlardan hangisini ödemek istediğini alacaklıya bildirebilir. Borçlu bildirimde bulunmazsa, yapılan ödeme, kendisi tarafından derhâl itiraz edilmiş olmadıkça, alacaklının makbuzda gösterdiği borç için yapılmış sayılır. b. Kanuna göre","Özet: ""borçlardan hangisini ödemek istediğini alacaklıya bildirebilir. Borçlu bildirimde bulunmazsa, yapılan ödeme, kendisi tarafından derhâl itiraz edilmiş olmadıkça, alacaklının makbuzda gösterdiği borç için yapılmış sayılır."" [Kaynak: TBK m.101]",,,,
30,5787df3bcf2e9202,,,,api-gateway/src/data_pipeline/fixtures/tbk_detail.html,madde:116:tpl:3,train_pending_review,,,,,TBK m.116 kapsamında düzenlenen hususu tek paragrafta özetler misin?,"[Kaynak: TBK m.116] Başlık: 3. Yardımcı kişilerin / Borçlu, borcun ifasını veya bir borç ilişkisinden doğan
hakkın kullanılmasını, birlikte yaşadığı kişiler ya da yanında çalışanlar gibi yardımcılarına kanuna uygun surette bırakmış olsa bile, onların işi yürüttükleri sırada diğer tarafa verdikleri zararı gidermekle yükümlüdür. Yardımcı kişilerin fiilinden doğan sorumluluk, önceden yapılan bir anlaşmayla tamamen veya kısmen kaldırılabilir. Uzmanlığı gerektiren bir hizmet, meslek veya sanat, ancak kanun veya yetkili makamlar tarafından verilen izinle yürütülebiliyorsa, borçlunun yardımcı kişilerin fiillerinden sorumlu olmayacağına ilişkin anlaşma kesin olarak hükümsüzdür. B. Borçlunun temerrüdü","Özet: ""hakkın kullanılmasını, birlikte yaşadığı kişiler ya da yanında çalışanlar gibi yardımcılarına kanuna uygun surette bırakmış olsa bile, onların işi yürüttükleri sırada diğer tarafa verdikleri zararı gidermekle yükümlüdür."" [Kaynak: TBK m.116]",,,,
31,5c8fce256bfe1d19,,,,api-gateway/src/data_pipeline/fixtures/tbk_detail.html,madde:117:tpl:2,train_pending_review,,,,,TBK m.117 hükmünü kaynak metne dayanarak kısa şekilde açıklar mısın?,"[Kaynak: TBK m.117] Başlık: I. Koşulları / Muaccel bir borcun borçlusu, alacaklının ihtarıyla
temerrüde düşer. Borcun ifa edileceği gün, birlikte belirlenmiş veya sözleşmede saklı tutulan bir hakka dayanarak taraflardan biri usulüne uygun bir bildirimde bulunmak suretiyle belirlemişse, bu günün geçmesiyle; haksız fiilde fiilin işlendiği, sebepsiz zenginleşmede ise zenginleşmenin gerçekleştiği tarihte borçlu temerrüde düşmüş olur. Ancak sebepsiz zenginleşenin iyiniyetli olduğu hâllerde temerrüt için bildirim şarttır. II. Hükümleri","Madde metni şu kuralı içerir: ""temerrüde düşer. Borcun ifa edileceği gün, birlikte belirlenmiş veya sözleşmede saklı tutulan bir hakka dayanarak taraflardan biri usulüne uygun bir bildirimde bulunmak suretiyle belirlemişse, bu günün geçmesiyle; haksız fiilde fiilin işlendiği, sebepsiz zenginleşmede ise zenginleşmenin gerçekleştiği tarihte borçlu temerrüde düşmüş olur."" [Kaynak: TBK m.117]",,,,
32,5ffb7219530b0d77,,,,api-gateway/src/data_pipeline/fixtures/tbk_detail.html,madde:107:tpl:4,train_pending_review,,,,,TBK m.107 metninden doğrudan dayanakla cevap ver: bu maddede hangi ilke yazılıdır?,"[Kaynak: TBK m.107] Başlık: 1. Bir şeyin teslimine / Alacaklının temerrüde düşmesi durumunda borçlu, hasar
ve giderleri alacaklıya ait olmak üzere, teslim edeceği şeyi tevdi ederek borcundan kurtulabilir. Tevdi yerini, ifa yerindeki hâkim belirler. Bununla birlikte ticari mallar, hâkim kararı olmadan da bir ardiyeye tevdi edilebilir. b. Satma hakkı","Doğrudan metin dayanağı: ""ve giderleri alacaklıya ait olmak üzere, teslim edeceği şeyi tevdi ederek borcundan kurtulabilir."" [Kaynak: TBK m.107]",,,,
33,60ae7f502268492e,,,,api-gateway/src/data_pipeline/fixtures/tbk_detail.html,madde:102:tpl:2,train_pending_review,,,,,TBK m.102 hükmünü kaynak metne dayanarak kısa şekilde açıklar mısın?,"[Kaynak: TBK m.102] Başlık: Kanunen geçerli bir açıklama yapılmadığı veya makbuzda
bir açıklık bulunmadığı durumda ödeme, muaccel borç için yapılmış sayılır. Birden çok borç muaccel ise ödemenin, borçluya karşı ilk olarak takip edilen borç için yapılmış olduğu kabul edilir. Takip yapılmamış ise ödeme, vadesi ilk önce gelmiş olan borç için yapılmış olur. Birden çok borcun vadesi aynı zamanda gelmişse, mahsup orantılı olarak; borçlardan hiçbirinin vadesi gelmemişse ödeme, güvencesi en az olan borç için yapılmış sayılır. III. Makbuz ve senetlerin geri verilmesi","Madde metni şu kuralı içerir: ""bir açıklık bulunmadığı durumda ödeme, muaccel borç için yapılmış sayılır. Birden çok borç muaccel ise ödemenin, borçluya karşı ilk olarak takip edilen borç için yapılmış olduğu kabul edilir."" [Kaynak: TBK m.102]",,,,
34,64e5a9e6351a4a96,,,,api-gateway/src/data_pipeline/fixtures/tbk_detail.html,madde:G2:tpl:1,train_pending_review,,,,,TBK Geçici m.2'e göre temel kural nedir?,"[Kaynak: TBK Geçici m.2]
(Ek: 14/7/2023-7456/23 md.) Konut kiraları bakımından 2/7/2023 ilâ 1/7/2024 (bu tarihler dâhil) tarihleri arasında yenilenen kira dönemlerinde uygulanacak kira bedeline ilişkin anlaşmalar, bir önceki kira yılına ait kira bedelinin yüzde yirmi beşini geçmemek koşuluyla geçerlidir. Bir önceki kira yılının tüketici fiyat endeksindeki oniki aylık ortalamalara göre değişim oranının yüzde yirmi beşin altında kalması halinde değişim oranı geçerlidir. Bu kural, bir yıldan daha uzun süreli kira sözleşmelerinde de uygulanır. Bu oranları geçecek şekilde yapılan sözleşmeler, fazla miktar yönünden geçersizdir. Bu fıkra hükmü, 344 üncü maddenin ikinci fıkrası uyarınca hâkim tarafından verilecek kararlar bakımından da uygulanır. Yürürlük","TBK Geçici m.2 metnine göre: ""(Ek: 14/7/2023-7456/23 md.) Konut kiraları bakımından 2/7/2023 ilâ 1/7/2024 (bu tarihler dâhil) tarihleri arasında yenilenen kira dönemlerinde uygulanacak kira bedeline ilişkin anlaşmalar, bir önceki kira yılına ait kira bedelinin yüzde yirmi beşini geçmemek koşuluyla geçerlidir."" [Kaynak: TBK Geçici m.2]",,,,
35,68166a622e8f3db8,,,,api-gateway/src/data_pipeline/fixtures/tbk_detail.html,madde:120:tpl:2,train_pending_review,,,,,TBK m.120 hükmünü kaynak metne dayanarak kısa şekilde açıklar mısın?,"[Kaynak: TBK m.120] Başlık: 2. Temerrüt faizi / Uygulanacak yıllık temerrüt faizi oranı,
sözleşmede kararlaştırılmamışsa, faiz borcunun doğduğu tarihte yürürlükte olan mevzuat hükümlerine göre belirlenir. Sözleşme ile kararlaştırılacak yıllık temerrüt faizi oranı, birinci fıkra uyarınca belirlenen yıllık faiz oranının yüzde yüz fazlasını aşamaz. Akdî faiz oranı kararlaştırılmakla birlikte sözleşmede temerrüt faizi kararlaştırılmamışsa ve yıllık akdî faiz oranı da birinci fıkrada belirtilen faiz oranından fazla ise, temerrüt faizi oranı hakkında akdî faiz oranı geçerli olur. b. Faizlerde, iratlarda ve bağışlamada temerrüt faizi","Madde metni şu kuralı içerir: ""sözleşmede kararlaştırılmamışsa, faiz borcunun doğduğu tarihte yürürlükte olan mevzuat hükümlerine göre belirlenir."" [Kaynak: TBK m.120]",,,,
36,6867e5e784825555,,,,api-gateway/src/data_pipeline/fixtures/tbk_detail.html,madde:116:tpl:2,train_pending_review,,,,,TBK m.116 hükmünü kaynak metne dayanarak kısa şekilde açıklar mısın?,"[Kaynak: TBK m.116] Başlık: 3. Yardımcı kişilerin / Borçlu, borcun ifasını veya bir borç ilişkisinden doğan
hakkın kullanılmasını, birlikte yaşadığı kişiler ya da yanında çalışanlar gibi yardımcılarına kanuna uygun surette bırakmış olsa bile, onların işi yürüttükleri sırada diğer tarafa verdikleri zararı gidermekle yükümlüdür. Yardımcı kişilerin fiilinden doğan sorumluluk, önceden yapılan bir anlaşmayla tamamen veya kısmen kaldırılabilir. Uzmanlığı gerektiren bir hizmet, meslek veya sanat, ancak kanun veya yetkili makamlar tarafından verilen izinle yürütülebiliyorsa, borçlunun yardımcı kişilerin fiillerinden sorumlu olmayacağına ilişkin anlaşma kesin olarak hükümsüzdür. B. Borçlunun temerrüdü","Madde metni şu kuralı içerir: ""hakkın kullanılmasını, birlikte yaşadığı kişiler ya da yanında çalışanlar gibi yardımcılarına kanuna uygun surette bırakmış olsa bile, onların işi yürüttükleri sırada diğer tarafa verdikleri zararı gidermekle yükümlüdür."" [Kaynak: TBK m.116]",,,,
37,6ddace916bc60618,,,,api-gateway/src/data_pipeline/fixtures/tbk_detail.html,madde:110:tpl:2,train_pending_review,,,,,TBK m.110 hükmünü kaynak metne dayanarak kısa şekilde açıklar mısın?,"[Kaynak: TBK m.110] Başlık: 2. Diğer edimlerde / Borcun konusu bir şeyin teslimini gerektirmiyorsa,
alacaklının temerrüdü hâlinde borçlu, borçlunun temerrüdüne ilişkin hükümlere göre sözleşmeden dönebilir.","Madde metni şu kuralı içerir: ""alacaklının temerrüdü hâlinde borçlu, borçlunun temerrüdüne ilişkin hükümlere göre sözleşmeden dönebilir."" [Kaynak: TBK m.110]",,,,
38,70a1749abd4952cc,,,,api-gateway/src/data_pipeline/fixtures/tbk_detail.html,madde:117:tpl:4,train_pending_review,,,,,TBK m.117 metninden doğrudan dayanakla cevap ver: bu maddede hangi ilke yazılıdır?,"[Kaynak: TBK m.117] Başlık: I. Koşulları / Muaccel bir borcun borçlusu, alacaklının ihtarıyla
temerrüde düşer. Borcun ifa edileceği gün, birlikte belirlenmiş veya sözleşmede saklı tutulan bir hakka dayanarak taraflardan biri usulüne uygun bir bildirimde bulunmak suretiyle belirlemişse, bu günün geçmesiyle; haksız fiilde fiilin işlendiği, sebepsiz zenginleşmede ise zenginleşmenin gerçekleştiği tarihte borçlu temerrüde düşmüş olur. Ancak sebepsiz zenginleşenin iyiniyetli olduğu hâllerde temerrüt için bildirim şarttır. II. Hükümleri","Doğrudan metin dayanağı: ""temerrüde düşer. Borcun ifa edileceği gün, birlikte belirlenmiş veya sözleşmede saklı tutulan bir hakka dayanarak taraflardan biri usulüne uygun bir bildirimde bulunmak suretiyle belirlemişse, bu günün geçmesiyle; haksız fiilde fiilin işlendiği, sebepsiz zenginleşmede ise zenginleşmenin gerçekleştiği tarihte borçlu temerrüde düşmüş olur."" [Kaynak: TBK m.117]",,,,
39,713ec54153bb3d4d,,,,api-gateway/src/data_pipeline/fixtures/tbk_detail.html,madde:101:tpl:1,train_pending_review,,,,,TBK m.101'e göre temel kural nedir?,"[Kaynak: TBK m.101] Başlık: 2. Birden çok borçta / Birden çok borcu bulunan borçlu, ödeme gününde bu
borçlardan hangisini ödemek istediğini alacaklıya bildirebilir. Borçlu bildirimde bulunmazsa, yapılan ödeme, kendisi tarafından derhâl itiraz edilmiş olmadıkça, alacaklının makbuzda gösterdiği borç için yapılmış sayılır. b. Kanuna göre","TBK m.101 metnine göre: ""borçlardan hangisini ödemek istediğini alacaklıya bildirebilir. Borçlu bildirimde bulunmazsa, yapılan ödeme, kendisi tarafından derhâl itiraz edilmiş olmadıkça, alacaklının makbuzda gösterdiği borç için yapılmış sayılır."" [Kaynak: TBK m.101]",,,,
40,71ebc843889d6c38,,,,api-gateway/src/data_pipeline/fixtures/tbk_detail.html,madde:10:tpl:1,train_pending_review,,,,,TBK m.10'e göre temel kural nedir?,"[Kaynak: TBK m.10] Başlık: 7. Önerinin ve kabulün / Geri alma
açıklaması, diğer tarafa öneriden önce veya aynı anda ulaşmış ya da daha sonra ulaşmakla birlikte diğer tarafça öneriden önce öğrenilmiş olursa, öneri yapılmamış sayılır. Bu kural, kabulün geri alınmasında da uygulanır.","TBK m.10 metnine göre: ""açıklaması, diğer tarafa öneriden önce veya aynı anda ulaşmış ya da daha sonra ulaşmakla birlikte diğer tarafça öneriden önce öğrenilmiş olursa, öneri yapılmamış sayılır."" [Kaynak: TBK m.10]",,,,
41,74a408beb06a4788,,,,api-gateway/src/data_pipeline/fixtures/tbk_detail.html,madde:101:tpl:4,train_pending_review,,,,,TBK m.101 metninden doğrudan dayanakla cevap ver: bu maddede hangi ilke yazılıdır?,"[Kaynak: TBK m.101] Başlık: 2. Birden çok borçta / Birden çok borcu bulunan borçlu, ödeme gününde bu
borçlardan hangisini ödemek istediğini alacaklıya bildirebilir. Borçlu bildirimde bulunmazsa, yapılan ödeme, kendisi tarafından derhâl itiraz edilmiş olmadıkça, alacaklının makbuzda gösterdiği borç için yapılmış sayılır. b. Kanuna göre","Doğrudan metin dayanağı: ""borçlardan hangisini ödemek istediğini alacaklıya bildirebilir. Borçlu bildirimde bulunmazsa, yapılan ödeme, kendisi tarafından derhâl itiraz edilmiş olmadıkça, alacaklının makbuzda gösterdiği borç için yapılmış sayılır."" [Kaynak: TBK m.101]",,,,
42,750702c1a033a8b0,,,,api-gateway/src/data_pipeline/fixtures/tbk_detail.html,madde:11:tpl:1,train_pending_review,,,,,TBK m.11'e göre temel kural nedir?,"[Kaynak: TBK m.11] Başlık: III. Hazır olmayanlar / Hazır olmayanlar arasında kurulan sözleşmeler, kabulün
gönderildiği andan başlayarak hüküm doğurur. Açık bir kabulün gerekli olmadığı durumlarda, sözleşme önerinin ulaşma anından başlayarak hüküm doğurur. B. Sözleşmelerin şekli","TBK m.11 metnine göre: ""gönderildiği andan başlayarak hüküm doğurur. Açık bir kabulün gerekli olmadığı durumlarda, sözleşme önerinin ulaşma anından başlayarak hüküm doğurur."" [Kaynak: TBK m.11]",,,,
43,770a69e81b7eecea,,,,api-gateway/src/data_pipeline/fixtures/tbk_detail.html,madde:1:tpl:1,train_pending_review,,,,,TBK m.1'e göre temel kural nedir?,"[Kaynak: TBK m.1] Başlık: Sözleşme, tarafların iradelerini karşılıklı ve birbirine
uygun olarak açıklamalarıyla kurulur. İrade açıklaması, açık veya örtülü olabilir.","TBK m.1 metnine göre: ""uygun olarak açıklamalarıyla kurulur. İrade açıklaması, açık veya örtülü olabilir."" [Kaynak: TBK m.1]",,,,
44,78cc5f51c0162b5b,,,,api-gateway/src/data_pipeline/fixtures/tbk_detail.html,madde:104:tpl:4,train_pending_review,,,,,TBK m.104 metninden doğrudan dayanakla cevap ver: bu maddede hangi ilke yazılıdır?,"[Kaynak: TBK m.104] Başlık: 2. Hükümleri / Faiz veya kira bedeli gibi dönemsel edimlerden biri
için, alacaklı tarafından çekince belirtilmeksizin makbuz verilmişse, önceki dönemlere ait edimler de ifa edilmiş sayılır. Alacaklı anaparanın tamamı için makbuz vermişse, faizlerini de almış olduğu kabul edilir. Borç senedi borçluya geri verilmişse, borç sona ermiş sayılır.","Doğrudan metin dayanağı: ""için, alacaklı tarafından çekince belirtilmeksizin makbuz verilmişse, önceki dönemlere ait edimler de ifa edilmiş sayılır."" [Kaynak: TBK m.104]",,,,
45,7f583d571072595f,,,,api-gateway/src/data_pipeline/fixtures/tbk_detail.html,madde:104:tpl:3,train_pending_review,,,,,TBK m.104 kapsamında düzenlenen hususu tek paragrafta özetler misin?,"[Kaynak: TBK m.104] Başlık: 2. Hükümleri / Faiz veya kira bedeli gibi dönemsel edimlerden biri
için, alacaklı tarafından çekince belirtilmeksizin makbuz verilmişse, önceki dönemlere ait edimler de ifa edilmiş sayılır. Alacaklı anaparanın tamamı için makbuz vermişse, faizlerini de almış olduğu kabul edilir. Borç senedi borçluya geri verilmişse, borç sona ermiş sayılır.","Özet: ""için, alacaklı tarafından çekince belirtilmeksizin makbuz verilmişse, önceki dönemlere ait edimler de ifa edilmiş sayılır."" [Kaynak: TBK m.104]",,,,
46,840d857f3dc4c0a9,,,,api-gateway/src/data_pipeline/fixtures/tbk_detail.html,madde:107:tpl:1,train_pending_review,,,,,TBK m.107'e göre temel kural nedir?,"[Kaynak: TBK m.107] Başlık: 1. Bir şeyin teslimine / Alacaklının temerrüde düşmesi durumunda borçlu, hasar
ve giderleri alacaklıya ait olmak üzere, teslim edeceği şeyi tevdi ederek borcundan kurtulabilir. Tevdi yerini, ifa yerindeki hâkim belirler. Bununla birlikte ticari mallar, hâkim kararı olmadan da bir ardiyeye tevdi edilebilir. b. Satma hakkı","TBK m.107 metnine göre: ""ve giderleri alacaklıya ait olmak üzere, teslim edeceği şeyi tevdi ederek borcundan kurtulabilir."" [Kaynak: TBK m.107]",,,,
47,87c326d6e62abcc8,,,,api-gateway/src/data_pipeline/fixtures/tbk_detail.html,madde:110:tpl:3,train_pending_review,,,,,TBK m.110 kapsamında düzenlenen hususu tek paragrafta özetler misin?,"[Kaynak: TBK m.110] Başlık: 2. Diğer edimlerde / Borcun konusu bir şeyin teslimini gerektirmiyorsa,
alacaklının temerrüdü hâlinde borçlu, borçlunun temerrüdüne ilişkin hükümlere göre sözleşmeden dönebilir.","Özet: ""alacaklının temerrüdü hâlinde borçlu, borçlunun temerrüdüne ilişkin hükümlere göre sözleşmeden dönebilir."" [Kaynak: TBK m.110]",,,,
48,87e9b84baa0e184a,,,,api-gateway/src/data_pipeline/fixtures/tbk_detail.html,madde:105:tpl:4,train_pending_review,,,,,TBK m.105 metninden doğrudan dayanakla cevap ver: bu maddede hangi ilke yazılıdır?,"[Kaynak: TBK m.105] Başlık: 3. Senedin geri / Alacaklı, borç senedini kaybettiğini iddia ederse,
borçlunun istemi üzerine, borcu ödeme sırasında, kendisine borç senedinin iptalini ve borcun sona ermiş olduğunu gösteren resmen düzenlenmiş veya usulüne göre onaylanmış bir belge vermek zorundadır. Kıymetli evrakın iptaline ilişkin hükümler saklıdır. E. Alacaklının temerrüdü","Doğrudan metin dayanağı: ""borçlunun istemi üzerine, borcu ödeme sırasında, kendisine borç senedinin iptalini ve borcun sona ermiş olduğunu gösteren resmen düzenlenmiş veya usulüne göre onaylanmış bir belge vermek zorundadır."" [Kaynak: TBK m.105]",,,,
49,8a068be76b5a4cf9,,,,api-gateway/src/data_pipeline/fixtures/tbk_detail.html,madde:1:tpl:4,train_pending_review,,,,,TBK m.1 metninden doğrudan dayanakla cevap ver: bu maddede hangi ilke yazılıdır?,"[Kaynak: TBK m.1] Başlık: Sözleşme, tarafların iradelerini karşılıklı ve birbirine
uygun olarak açıklamalarıyla kurulur. İrade açıklaması, açık veya örtülü olabilir.","Doğrudan metin dayanağı: ""uygun olarak açıklamalarıyla kurulur. İrade açıklaması, açık veya örtülü olabilir."" [Kaynak: TBK m.1]",,,,
50,8a4cfae0a51ca924,,,,api-gateway/src/data_pipeline/fixtures/tbk_detail.html,madde:106:tpl:2,train_pending_review,,,,,TBK m.106 hükmünü kaynak metne dayanarak kısa şekilde açıklar mısın?,"[Kaynak: TBK m.106] Başlık: I. Koşulları / Yapma veya verme
edimi gereği gibi kendisine önerilen alacaklı, haklı bir sebep olmaksızın onu kabulden veya borçlunun borcunu ifa edebilmesi için kendisi tarafından yapılması gereken hazırlık fiillerini yapmaktan kaçınırsa, temerrüde düşmüş olur. Alacaklı, müteselsil borçlulardan birine karşı temerrüde düşerse, diğerlerine karşı da temerrüde düşmüş olur. II. Hükümleri","Madde metni şu kuralı içerir: ""edimi gereği gibi kendisine önerilen alacaklı, haklı bir sebep olmaksızın onu kabulden veya borçlunun borcunu ifa edebilmesi için kendisi tarafından yapılması gereken hazırlık fiillerini yapmaktan kaçınırsa, temerrüde düşmüş olur."" [Kaynak: TBK m.106]",,,,
51,9110d6b460aa3bfa,,,,api-gateway/src/data_pipeline/fixtures/tbk_detail.html,madde:104:tpl:1,train_pending_review,,,,,TBK m.104'e göre temel kural nedir?,"[Kaynak: TBK m.104] Başlık: 2. Hükümleri / Faiz veya kira bedeli gibi dönemsel edimlerden biri
için, alacaklı tarafından çekince belirtilmeksizin makbuz verilmişse, önceki dönemlere ait edimler de ifa edilmiş sayılır. Alacaklı anaparanın tamamı için makbuz vermişse, faizlerini de almış olduğu kabul edilir. Borç senedi borçluya geri verilmişse, borç sona ermiş sayılır.","TBK m.104 metnine göre: ""için, alacaklı tarafından çekince belirtilmeksizin makbuz verilmişse, önceki dönemlere ait edimler de ifa edilmiş sayılır."" [Kaynak: TBK m.104]",,,,
52,92127ca7dc607269,,,,api-gateway/src/data_pipeline/fixtures/tbk_detail.html,madde:107:tpl:3,train_pending_review,,,,,TBK m.107 kapsamında düzenlenen hususu tek paragrafta özetler misin?,"[Kaynak: TBK m.107] Başlık: 1. Bir şeyin teslimine / Alacaklının temerrüde düşmesi durumunda borçlu, hasar
ve giderleri alacaklıya ait olmak üzere, teslim edeceği şeyi tevdi ederek borcundan kurtulabilir. Tevdi yerini, ifa yerindeki hâkim belirler. Bununla birlikte ticari mallar, hâkim kararı olmadan da bir ardiyeye tevdi edilebilir. b. Satma hakkı","Özet: ""ve giderleri alacaklıya ait olmak üzere, teslim edeceği şeyi tevdi ederek borcundan kurtulabilir."" [Kaynak: TBK m.107]",,,,
53,936844e74080e8de,,,,api-gateway/src/data_pipeline/fixtures/tbk_detail.html,madde:108:tpl:2,train_pending_review,,,,,TBK m.108 hükmünü kaynak metne dayanarak kısa şekilde açıklar mısın?,"[Kaynak: TBK m.108] Başlık: Sözleşmenin konusu olan şeyin niteliği veya işin
özelliği tevdi edilmesine uygun düşmez veya teslim edilecek şey bozulabilir ya da bakımı, korunması veya tevdi edilmesi önemli bir gideri gerektirir ise, borçlu, alacaklıya önceden ihtarda bulunması koşuluyla, hâkimin izniyle onu açık artırma yoluyla sattırıp bedelini tevdi edebilir. Teslim edilecek şey, borsada kayıtlıysa veya piyasa fiyatı varsa ya da yapılacak gidere oranla değeri az ise, satışın açık artırma yoluyla yapılması zorunlu olmadığı gibi, hâkim, önceden ihtarda bulunma koşulunu aramaksızın satışa izin verebilir. c. Tevdi konusunu geri alma","Madde metni şu kuralı içerir: ""özelliği tevdi edilmesine uygun düşmez veya teslim edilecek şey bozulabilir ya da bakımı, korunması veya tevdi edilmesi önemli bir gideri gerektirir ise, borçlu, alacaklıya önceden ihtarda bulunması koşuluyla, hâkimin izniyle onu açık artırma yoluyla sattırıp bedelini tevdi edebilir."" [Kaynak: TBK m.108]",,,,
54,93c874bfb2a1df65,,,,api-gateway/src/data_pipeline/fixtures/tbk_detail.html,madde:112:tpl:1,train_pending_review,,,,,TBK m.112'e göre temel kural nedir?,"[Kaynak: TBK m.112] Başlık: 1. Genel olarak / Borç hiç veya gereği gibi ifa edilmezse borçlu, kendisine
hiçbir kusurun yüklenemeyeceğini ispat etmedikçe, alacaklının bundan doğan zararını gidermekle yükümlüdür.","TBK m.112 metnine göre: ""hiçbir kusurun yüklenemeyeceğini ispat etmedikçe, alacaklının bundan doğan zararını gidermekle yükümlüdür."" [Kaynak: TBK m.112]",,,,
55,9f2f65548a5cda7a,,,,api-gateway/src/data_pipeline/fixtures/tbk_detail.html,madde:12:tpl:1,train_pending_review,,,,,TBK m.12'e göre temel kural nedir?,"[Kaynak: TBK m.12] Başlık: I. Genel kural / Sözleşmelerin geçerliliği, kanunda aksi öngörülmedikçe,
hiçbir şekle bağlı değildir. Kanunda sözleşmeler için öngörülen şekil, kural olarak geçerlilik şeklidir. Öngörülen şekle uyulmaksızın kurulan sözleşmeler hüküm doğurmaz. II. Yazılı şekil","TBK m.12 metnine göre: ""hiçbir şekle bağlı değildir. Kanunda sözleşmeler için öngörülen şekil, kural olarak geçerlilik şeklidir."" [Kaynak: TBK m.12]",,,,
56,9f4445b047ed89bb,,,,api-gateway/src/data_pipeline/fixtures/tbk_detail.html,madde:106:tpl:1,train_pending_review,,,,,TBK m.106'e göre temel kural nedir?,"[Kaynak: TBK m.106] Başlık: I. Koşulları / Yapma veya verme
edimi gereği gibi kendisine önerilen alacaklı, haklı bir sebep olmaksızın onu kabulden veya borçlunun borcunu ifa edebilmesi için kendisi tarafından yapılması gereken hazırlık fiillerini yapmaktan kaçınırsa, temerrüde düşmüş olur. Alacaklı, müteselsil borçlulardan birine karşı temerrüde düşerse, diğerlerine karşı da temerrüde düşmüş olur. II. Hükümleri","TBK m.106 metnine göre: ""edimi gereği gibi kendisine önerilen alacaklı, haklı bir sebep olmaksızın onu kabulden veya borçlunun borcunu ifa edebilmesi için kendisi tarafından yapılması gereken hazırlık fiillerini yapmaktan kaçınırsa, temerrüde düşmüş olur."" [Kaynak: TBK m.106]",,,,
57,a1dcf5fd204ae142,,,,api-gateway/src/data_pipeline/fixtures/tbk_detail.html,madde:109:tpl:2,train_pending_review,,,,,TBK m.109 hükmünü kaynak metne dayanarak kısa şekilde açıklar mısın?,"[Kaynak: TBK m.109] Başlık: Alacaklı, tevdi edilen şeyi kabul ettiğini açıklamış
veya tevdi bir rehnin ortadan kaldırılması sonucunu doğurmuş olmadıkça borçlu, tevdi edilen şeyi geri alabilir. Tevdi edilen şey geri alındığı anda alacak, bütün yan haklarıyla birlikte varlığını sürdürür.","Madde metni şu kuralı içerir: ""veya tevdi bir rehnin ortadan kaldırılması sonucunu doğurmuş olmadıkça borçlu, tevdi edilen şeyi geri alabilir."" [Kaynak: TBK m.109]",,,,
58,a719d9ca566eadc3,,,,api-gateway/src/data_pipeline/fixtures/tbk_detail.html,madde:115:tpl:4,train_pending_review,,,,,TBK m.115 metninden doğrudan dayanakla cevap ver: bu maddede hangi ilke yazılıdır?,"[Kaynak: TBK m.115] Başlık: 2. Sorumsuzluk anlaşması / Borçlunun ağır kusurundan sorumlu olmayacağına ilişkin
önceden yapılan anlaşma kesin olarak hükümsüzdür. Borçlunun alacaklı ile hizmet sözleşmesinden kaynaklanan herhangi bir borç sebebiyle sorumlu olmayacağına ilişkin olarak önceden yaptığı her türlü anlaşma kesin olarak hükümsüzdür. Uzmanlığı gerektiren bir hizmet, meslek veya sanat, ancak kanun ya da yetkili makamlar tarafından verilen izinle yürütülebiliyorsa, borçlunun hafif kusurundan sorumlu olmayacağına ilişkin önceden yapılan anlaşma kesin olarak hükümsüzdür.","Doğrudan metin dayanağı: ""önceden yapılan anlaşma kesin olarak hükümsüzdür. Borçlunun alacaklı ile hizmet sözleşmesinden kaynaklanan herhangi bir borç sebebiyle sorumlu olmayacağına ilişkin olarak önceden yaptığı her türlü anlaşma kesin olarak hükümsüzdür."" [Kaynak: TBK m.115]",,,,
59,a77a25666e443757,,,,api-gateway/src/data_pipeline/fixtures/tbk_detail.html,madde:12:tpl:3,train_pending_review,,,,,TBK m.12 kapsamında düzenlenen hususu tek paragrafta özetler misin?,"[Kaynak: TBK m.12] Başlık: I. Genel kural / Sözleşmelerin geçerliliği, kanunda aksi öngörülmedikçe,
hiçbir şekle bağlı değildir. Kanunda sözleşmeler için öngörülen şekil, kural olarak geçerlilik şeklidir. Öngörülen şekle uyulmaksızın kurulan sözleşmeler hüküm doğurmaz. II. Yazılı şekil","Özet: ""hiçbir şekle bağlı değildir. Kanunda sözleşmeler için öngörülen şekil, kural olarak geçerlilik şeklidir."" [Kaynak: TBK m.12]",,,,
60,a7ab219cdb53570c,,,,api-gateway/src/data_pipeline/fixtures/tbk_detail.html,madde:G2:tpl:3,train_pending_review,,,,,TBK Geçici m.2 kapsamında düzenlenen hususu tek paragrafta özetler misin?,"[Kaynak: TBK Geçici m.2]
(Ek: 14/7/2023-7456/23 md.) Konut kiraları bakımından 2/7/2023 ilâ 1/7/2024 (bu tarihler dâhil) tarihleri arasında yenilenen kira dönemlerinde uygulanacak kira bedeline ilişkin anlaşmalar, bir önceki kira yılına ait kira bedelinin yüzde yirmi beşini geçmemek koşuluyla geçerlidir. Bir önceki kira yılının tüketici fiyat endeksindeki oniki aylık ortalamalara göre değişim oranının yüzde yirmi beşin altında kalması halinde değişim oranı geçerlidir. Bu kural, bir yıldan daha uzun süreli kira sözleşmelerinde de uygulanır. Bu oranları geçecek şekilde yapılan sözleşmeler, fazla miktar yönünden geçersizdir. Bu fıkra hükmü, 344 üncü maddenin ikinci fıkrası uyarınca hâkim tarafından verilecek kararlar bakımından da uygulanır. Yürürlük","Özet: ""(Ek: 14/7/2023-7456/23 md.) Konut kiraları bakımından 2/7/2023 ilâ 1/7/2024 (bu tarihler dâhil) tarihleri arasında yenilenen kira dönemlerinde uygulanacak kira bedeline ilişkin anlaşmalar, bir önceki kira yılına ait kira bedelinin yüzde yirmi beşini geçmemek koşuluyla geçerlidir."" [Kaynak: TBK Geçici m.2]",,,,
61,a931860f97cbeaef,,,,api-gateway/src/data_pipeline/fixtures/tbk_detail.html,madde:115:tpl:3,train_pending_review,,,,,TBK m.115 kapsamında düzenlenen hususu tek paragrafta özetler misin?,"[Kaynak: TBK m.115] Başlık: 2. Sorumsuzluk anlaşması / Borçlunun ağır kusurundan sorumlu olmayacağına ilişkin
önceden yapılan anlaşma kesin olarak hükümsüzdür. Borçlunun alacaklı ile hizmet sözleşmesinden kaynaklanan herhangi bir borç sebebiyle sorumlu olmayacağına ilişkin olarak önceden yaptığı her türlü anlaşma kesin olarak hükümsüzdür. Uzmanlığı gerektiren bir hizmet, meslek veya sanat, ancak kanun ya da yetkili makamlar tarafından verilen izinle yürütülebiliyorsa, borçlunun hafif kusurundan sorumlu olmayacağına ilişkin önceden yapılan anlaşma kesin olarak hükümsüzdür.","Özet: ""önceden yapılan anlaşma kesin olarak hükümsüzdür. Borçlunun alacaklı ile hizmet sözleşmesinden kaynaklanan herhangi bir borç sebebiyle sorumlu olmayacağına ilişkin olarak önceden yaptığı her türlü anlaşma kesin olarak hükümsüzdür."" [Kaynak: TBK m.115]",,,,
62,a9615200e5234d47,,,,api-gateway/src/data_pipeline/fixtures/tbk_detail.html,madde:102:tpl:4,train_pending_review,,,,,TBK m.102 metninden doğrudan dayanakla cevap ver: bu maddede hangi ilke yazılıdır?,"[Kaynak: TBK m.102] Başlık: Kanunen geçerli bir açıklama yapılmadığı veya makbuzda
bir açıklık bulunmadığı durumda ödeme, muaccel borç için yapılmış sayılır. Birden çok borç muaccel ise ödemenin, borçluya karşı ilk olarak takip edilen borç için yapılmış olduğu kabul edilir. Takip yapılmamış ise ödeme, vadesi ilk önce gelmiş olan borç için yapılmış olur. Birden çok borcun vadesi aynı zamanda gelmişse, mahsup orantılı olarak; borçlardan hiçbirinin vadesi gelmemişse ödeme, güvencesi en az olan borç için yapılmış sayılır. III. Makbuz ve senetlerin geri verilmesi","Doğrudan metin dayanağı: ""bir açıklık bulunmadığı durumda ödeme, muaccel borç için yapılmış sayılır. Birden çok borç muaccel ise ödemenin, borçluya karşı ilk olarak takip edilen borç için yapılmış olduğu kabul edilir."" [Kaynak: TBK m.102]",,,,
63,a97aa11281ed6620,,,,api-gateway/src/data_pipeline/fixtures/tbk_detail.html,madde:12:tpl:2,train_pending_review,,,,,TBK m.12 hükmünü kaynak metne dayanarak kısa şekilde açıklar mısın?,"[Kaynak: TBK m.12] Başlık: I. Genel kural / Sözleşmelerin geçerliliği, kanunda aksi öngörülmedikçe,
hiçbir şekle bağlı değildir. Kanunda sözleşmeler için öngörülen şekil, kural olarak geçerlilik şeklidir. Öngörülen şekle uyulmaksızın kurulan sözleşmeler hüküm doğurmaz. II. Yazılı şekil","Madde metni şu kuralı içerir: ""hiçbir şekle bağlı değildir. Kanunda sözleşmeler için öngörülen şekil, kural olarak geçerlilik şeklidir."" [Kaynak: TBK m.12]",,,,
64,ad3a8f79e4e7e722,,,,api-gateway/src/data_pipeline/fixtures/tbk_detail.html,madde:108:tpl:4,train_pending_review,,,,,TBK m.108 metninden doğrudan dayanakla cevap ver: bu maddede hangi ilke yazılıdır?,"[Kaynak: TBK m.108] Başlık: Sözleşmenin konusu olan şeyin niteliği veya işin
özelliği tevdi edilmesine uygun düşmez veya teslim edilecek şey bozulabilir ya da bakımı, korunması veya tevdi edilmesi önemli bir gideri gerektirir ise, borçlu, alacaklıya önceden ihtarda bulunması koşuluyla, hâkimin izniyle onu açık artırma yoluyla sattırıp bedelini tevdi edebilir. Teslim edilecek şey, borsada kayıtlıysa veya piyasa fiyatı varsa ya da yapılacak gidere oranla değeri az ise, satışın açık artırma yoluyla yapılması zorunlu olmadığı gibi, hâkim, önceden ihtarda bulunma koşulunu aramaksızın satışa izin verebilir. c. Tevdi konusunu geri alma","Doğrudan metin dayanağı: ""özelliği tevdi edilmesine uygun düşmez veya teslim edilecek şey bozulabilir ya da bakımı, korunması veya tevdi edilmesi önemli bir gideri gerektirir ise, borçlu, alacaklıya önceden ihtarda bulunması koşuluyla, hâkimin izniyle onu açık artırma yoluyla sattırıp bedelini tevdi edebilir."" [Kaynak: TBK m.108]",,,,
65,ae598479f0f4a60f,,,,api-gateway/src/data_pipeline/fixtures/tbk_detail.html,madde:105:tpl:2,train_pending_review,,,,,TBK m.105 hükmünü kaynak metne dayanarak kısa şekilde açıklar mısın?,"[Kaynak: TBK m.105] Başlık: 3. Senedin geri / Alacaklı, borç senedini kaybettiğini iddia ederse,
borçlunun istemi üzerine, borcu ödeme sırasında, kendisine borç senedinin iptalini ve borcun sona ermiş olduğunu gösteren resmen düzenlenmiş veya usulüne göre onaylanmış bir belge vermek zorundadır. Kıymetli evrakın iptaline ilişkin hükümler saklıdır. E. Alacaklının temerrüdü","Madde metni şu kuralı içerir: ""borçlunun istemi üzerine, borcu ödeme sırasında, kendisine borç senedinin iptalini ve borcun sona ermiş olduğunu gösteren resmen düzenlenmiş veya usulüne göre onaylanmış bir belge vermek zorundadır."" [Kaynak: TBK m.105]",,,,
66,b12ce238b01e3d15,,,,api-gateway/src/data_pipeline/fixtures/tbk_detail.html,madde:100:tpl:4,train_pending_review,,,,,TBK m.100 metninden doğrudan dayanakla cevap ver: bu maddede hangi ilke yazılıdır?,"[Kaynak: TBK m.100] Başlık: 1. Kısmen ödemede / Borçlu, faiz veya giderleri ödemede gecikmemiş ise,
kısmen yaptığı ödemeyi ana borçtan düşme hakkına sahiptir. Aksine anlaşma yapılamaz. Alacaklı, alacağın bir kısmı için kefalet, rehin veya başka bir güvence almış ise, borçlu kısmen yaptığı ödemeyi, güvence altına alınan veya güvencesi daha iyi olan kısma mahsup etme hakkına sahip değildir.","Doğrudan metin dayanağı: ""kısmen yaptığı ödemeyi ana borçtan düşme hakkına sahiptir. Aksine anlaşma yapılamaz."" [Kaynak: TBK m.100]",,,,
67,b17e85496816c904,,,,api-gateway/src/data_pipeline/fixtures/tbk_detail.html,madde:107:tpl:2,train_pending_review,,,,,TBK m.107 hükmünü kaynak metne dayanarak kısa şekilde açıklar mısın?,"[Kaynak: TBK m.107] Başlık: 1. Bir şeyin teslimine / Alacaklının temerrüde düşmesi durumunda borçlu, hasar
ve giderleri alacaklıya ait olmak üzere, teslim edeceği şeyi tevdi ederek borcundan kurtulabilir. Tevdi yerini, ifa yerindeki hâkim belirler. Bununla birlikte ticari mallar, hâkim kararı olmadan da bir ardiyeye tevdi edilebilir. b. Satma hakkı","Madde metni şu kuralı içerir: ""ve giderleri alacaklıya ait olmak üzere, teslim edeceği şeyi tevdi ederek borcundan kurtulabilir."" [Kaynak: TBK m.107]",,,,
68,b3d414e6876a945c,,,,api-gateway/src/data_pipeline/fixtures/tbk_detail.html,madde:116:tpl:4,train_pending_review,,,,,TBK m.116 metninden doğrudan dayanakla cevap ver: bu maddede hangi ilke yazılıdır?,"[Kaynak: TBK m.116] Başlık: 3. Yardımcı kişilerin / Borçlu, borcun ifasını veya bir borç ilişkisinden doğan
hakkın kullanılmasını, birlikte yaşadığı kişiler ya da yanında çalışanlar gibi yardımcılarına kanuna uygun surette bırakmış olsa bile, onların işi yürüttükleri sırada diğer tarafa verdikleri zararı gidermekle yükümlüdür. Yardımcı kişilerin fiilinden doğan sorumluluk, önceden yapılan bir anlaşmayla tamamen veya kısmen kaldırılabilir. Uzmanlığı gerektiren bir hizmet, meslek veya sanat, ancak kanun veya yetkili makamlar tarafından verilen izinle yürütülebiliyorsa, borçlunun yardımcı kişilerin fiillerinden sorumlu olmayacağına ilişkin anlaşma kesin olarak hükümsüzdür. B. Borçlunun temerrüdü","Doğrudan metin dayanağı: ""hakkın kullanılmasını, birlikte yaşadığı kişiler ya da yanında çalışanlar gibi yardımcılarına kanuna uygun surette bırakmış olsa bile, onların işi yürüttükleri sırada diğer tarafa verdikleri zararı gidermekle yükümlüdür."" [Kaynak: TBK m.116]",,,,
69,b51d50f52055175d,,,,api-gateway/src/data_pipeline/fixtures/tbk_detail.html,madde:103:tpl:2,train_pending_review,,,,,TBK m.103 hükmünü kaynak metne dayanarak kısa şekilde açıklar mısın?,"[Kaynak: TBK m.103] Başlık: 1. Borçlunun hakkı / Borcu ödeyen borçlu, bir makbuz ve borcun tamamı
ödenmişse, buna ilişkin borç senedinin geri verilmesini veya iptalini isteyebilir. Borcun tamamı ödenmemiş veya borç senedi alacaklıya başkaca haklar da vermekte ise borçlu, ancak makbuz verilmesini ve ödemenin borç senedine işlenmesini isteyebilir.","Madde metni şu kuralı içerir: ""ödenmişse, buna ilişkin borç senedinin geri verilmesini veya iptalini isteyebilir."" [Kaynak: TBK m.103]",,,,
70,b66f26c5bc18bd75,,,,api-gateway/src/data_pipeline/fixtures/tbk_detail.html,madde:115:tpl:1,train_pending_review,,,,,TBK m.115'e göre temel kural nedir?,"[Kaynak: TBK m.115] Başlık: 2. Sorumsuzluk anlaşması / Borçlunun ağır kusurundan sorumlu olmayacağına ilişkin
önceden yapılan anlaşma kesin olarak hükümsüzdür. Borçlunun alacaklı ile hizmet sözleşmesinden kaynaklanan herhangi bir borç sebebiyle sorumlu olmayacağına ilişkin olarak önceden yaptığı her türlü anlaşma kesin olarak hükümsüzdür. Uzmanlığı gerektiren bir hizmet, meslek veya sanat, ancak kanun ya da yetkili makamlar tarafından verilen izinle yürütülebiliyorsa, borçlunun hafif kusurundan sorumlu olmayacağına ilişkin önceden yapılan anlaşma kesin olarak hükümsüzdür.","TBK m.115 metnine göre: ""önceden yapılan anlaşma kesin olarak hükümsüzdür. Borçlunun alacaklı ile hizmet sözleşmesinden kaynaklanan herhangi bir borç sebebiyle sorumlu olmayacağına ilişkin olarak önceden yaptığı her türlü anlaşma kesin olarak hükümsüzdür."" [Kaynak: TBK m.115]",,,,
71,b680e8354318c74d,,,,api-gateway/src/data_pipeline/fixtures/tbk_detail.html,madde:114:tpl:1,train_pending_review,,,,,TBK m.114'e göre temel kural nedir?,"[Kaynak: TBK m.114] Başlık: 1. Genel olarak / Borçlu, genel olarak her türlü kusurdan sorumludur.
Borçlunun sorumluluğunun kapsamı, işin özel niteliğine göre belirlenir. İş özellikle borçlu için bir yarar sağlamıyorsa, sorumluluk daha hafif olarak değerlendirilir. Haksız fiil sorumluluğuna ilişkin hükümler, kıyas yoluyla sözleşmeye aykırılık hâllerine de uygulanır.","TBK m.114 metnine göre: ""Borçlunun sorumluluğunun kapsamı, işin özel niteliğine göre belirlenir. İş özellikle borçlu için bir yarar sağlamıyorsa, sorumluluk daha hafif olarak değerlendirilir."" [Kaynak: TBK m.114]",,,,
72,ba9df41229f21a76,,,,api-gateway/src/data_pipeline/fixtures/tbk_detail.html,madde:113:tpl:2,train_pending_review,,,,,TBK m.113 hükmünü kaynak metne dayanarak kısa şekilde açıklar mısın?,"[Kaynak: TBK m.113] Başlık: 2. Yapma ve yapmama / Yapma borcu, borçlu tarafından ifa edilmediği takdirde
alacaklı, masrafı borçluya ait olmak üzere edimin kendisi veya başkası tarafından ifasına izin verilmesini isteyebilir; her türlü giderim isteme hakkı saklıdır. Yapmama borcuna aykırı davranan borçlu, bu aykırı davranışının doğurduğu zararı gidermekle yükümlüdür. Alacaklı, ayrıca borca aykırı durumun ortadan kaldırılmasını veya bu konuda masrafı borçluya ait olmak üzere kendisinin yetkili kılınmasını isteyebilir. II. Sorumluluğun ve giderim borcunun kapsamı","Madde metni şu kuralı içerir: ""alacaklı, masrafı borçluya ait olmak üzere edimin kendisi veya başkası tarafından ifasına izin verilmesini isteyebilir; her türlü giderim isteme hakkı saklıdır."" [Kaynak: TBK m.113]",,,,
73,bc81447de455011c,,,,api-gateway/src/data_pipeline/fixtures/tbk_detail.html,madde:G2:tpl:2,train_pending_review,,,,,TBK Geçici m.2 hükmünü kaynak metne dayanarak kısa şekilde açıklar mısın?,"[Kaynak: TBK Geçici m.2]
(Ek: 14/7/2023-7456/23 md.) Konut kiraları bakımından 2/7/2023 ilâ 1/7/2024 (bu tarihler dâhil) tarihleri arasında yenilenen kira dönemlerinde uygulanacak kira bedeline ilişkin anlaşmalar, bir önceki kira yılına ait kira bedelinin yüzde yirmi beşini geçmemek koşuluyla geçerlidir. Bir önceki kira yılının tüketici fiyat endeksindeki oniki aylık ortalamalara göre değişim oranının yüzde yirmi beşin altında kalması halinde değişim oranı geçerlidir. Bu kural, bir yıldan daha uzun süreli kira sözleşmelerinde de uygulanır. Bu oranları geçecek şekilde yapılan sözleşmeler, fazla miktar yönünden geçersizdir. Bu fıkra hükmü, 344 üncü maddenin ikinci fıkrası uyarınca hâkim tarafından verilecek kararlar bakımından da uygulanır. Yürürlük","Madde metni şu kuralı içerir: ""(Ek: 14/7/2023-7456/23 md.) Konut kiraları bakımından 2/7/2023 ilâ 1/7/2024 (bu tarihler dâhil) tarihleri arasında yenilenen kira dönemlerinde uygulanacak kira bedeline ilişkin anlaşmalar, bir önceki kira yılına ait kira bedelinin yüzde yirmi beşini geçmemek koşuluyla geçerlidir."" [Kaynak: TBK Geçici m.2]",,,,
74,c016c7fa8f079538,,,,api-gateway/src/data_pipeline/fixtures/tbk_detail.html,madde:100:tpl:3,train_pending_review,,,,,TBK m.100 kapsamında düzenlenen hususu tek paragrafta özetler misin?,"[Kaynak: TBK m.100] Başlık: 1. Kısmen ödemede / Borçlu, faiz veya giderleri ödemede gecikmemiş ise,
kısmen yaptığı ödemeyi ana borçtan düşme hakkına sahiptir. Aksine anlaşma yapılamaz. Alacaklı, alacağın bir kısmı için kefalet, rehin veya başka bir güvence almış ise, borçlu kısmen yaptığı ödemeyi, güvence altına alınan veya güvencesi daha iyi olan kısma mahsup etme hakkına sahip değildir.","Özet: ""kısmen yaptığı ödemeyi ana borçtan düşme hakkına sahiptir. Aksine anlaşma yapılamaz."" [Kaynak: TBK m.100]",,,,
75,c17164a48f9e2486,,,,api-gateway/src/data_pipeline/fixtures/tbk_detail.html,madde:110:tpl:1,train_pending_review,,,,,TBK m.110'e göre temel kural nedir?,"[Kaynak: TBK m.110] Başlık: 2. Diğer edimlerde / Borcun konusu bir şeyin teslimini gerektirmiyorsa,
alacaklının temerrüdü hâlinde borçlu, borçlunun temerrüdüne ilişkin hükümlere göre sözleşmeden dönebilir.","TBK m.110 metnine göre: ""alacaklının temerrüdü hâlinde borçlu, borçlunun temerrüdüne ilişkin hükümlere göre sözleşmeden dönebilir."" [Kaynak: TBK m.110]",,,,
76,c2ab73936ccb7685,,,,api-gateway/src/data_pipeline/fixtures/tbk_detail.html,madde:12:tpl:4,train_pending_review,,,,,TBK m.12 metninden doğrudan dayanakla cevap ver: bu maddede hangi ilke yazılıdır?,"[Kaynak: TBK m.12] Başlık: I. Genel kural / Sözleşmelerin geçerliliği, kanunda aksi öngörülmedikçe,
hiçbir şekle bağlı değildir. Kanunda sözleşmeler için öngörülen şekil, kural olarak geçerlilik şeklidir. Öngörülen şekle uyulmaksızın kurulan sözleşmeler hüküm doğurmaz. II. Yazılı şekil","Doğrudan metin dayanağı: ""hiçbir şekle bağlı değildir. Kanunda sözleşmeler için öngörülen şekil, kural olarak geçerlilik şeklidir."" [Kaynak: TBK m.12]",,,,
77,c448cfe2f876c21a,,,,api-gateway/src/data_pipeline/fixtures/tbk_detail.html,madde:103:tpl:4,train_pending_review,,,,,TBK m.103 metninden doğrudan dayanakla cevap ver: bu maddede hangi ilke yazılıdır?,"[Kaynak: TBK m.103] Başlık: 1. Borçlunun hakkı / Borcu ödeyen borçlu, bir makbuz ve borcun tamamı
ödenmişse, buna ilişkin borç senedinin geri verilmesini veya iptalini isteyebilir. Borcun tamamı ödenmemiş veya borç senedi alacaklıya başkaca haklar da vermekte ise borçlu, ancak makbuz verilmesini ve ödemenin borç senedine işlenmesini isteyebilir.","Doğrudan metin dayanağı: ""ödenmişse, buna ilişkin borç senedinin geri verilmesini veya iptalini isteyebilir."" [Kaynak: TBK m.103]",,,,
78,c63670bf9299fa85,,,,api-gateway/src/data_pipeline/fixtures/tbk_detail.html,madde:120:tpl:3,train_pending_review,,,,,TBK m.120 kapsamında düzenlenen hususu tek paragrafta özetler misin?,"[Kaynak: TBK m.120] Başlık: 2. Temerrüt faizi / Uygulanacak yıllık temerrüt faizi oranı,
sözleşmede kararlaştırılmamışsa, faiz borcunun doğduğu tarihte yürürlükte olan mevzuat hükümlerine göre belirlenir. Sözleşme ile kararlaştırılacak yıllık temerrüt faizi oranı, birinci fıkra uyarınca belirlenen yıllık faiz oranının yüzde yüz fazlasını aşamaz. Akdî faiz oranı kararlaştırılmakla birlikte sözleşmede temerrüt faizi kararlaştırılmamışsa ve yıllık akdî faiz oranı da birinci fıkrada belirtilen faiz oranından fazla ise, temerrüt faizi oranı hakkında akdî faiz oranı geçerli olur. b. Faizlerde, iratlarda ve bağışlamada temerrüt faizi","Özet: ""sözleşmede kararlaştırılmamışsa, faiz borcunun doğduğu tarihte yürürlükte olan mevzuat hükümlerine göre belirlenir."" [Kaynak: TBK m.120]",,,,
79,c687a93577ea3b66,,,,api-gateway/src/data_pipeline/fixtures/tbk_detail.html,madde:106:tpl:3,train_pending_review,,,,,TBK m.106 kapsamında düzenlenen hususu tek paragrafta özetler misin?,"[Kaynak: TBK m.106] Başlık: I. Koşulları / Yapma veya verme
edimi gereği gibi kendisine önerilen alacaklı, haklı bir sebep olmaksızın onu kabulden veya borçlunun borcunu ifa edebilmesi için kendisi tarafından yapılması gereken hazırlık fiillerini yapmaktan kaçınırsa, temerrüde düşmüş olur. Alacaklı, müteselsil borçlulardan birine karşı temerrüde düşerse, diğerlerine karşı da temerrüde düşmüş olur. II. Hükümleri","Özet: ""edimi gereği gibi kendisine önerilen alacaklı, haklı bir sebep olmaksızın onu kabulden veya borçlunun borcunu ifa edebilmesi için kendisi tarafından yapılması gereken hazırlık fiillerini yapmaktan kaçınırsa, temerrüde düşmüş olur."" [Kaynak: TBK m.106]",,,,
80,c7577730990e1d63,,,,api-gateway/src/data_pipeline/fixtures/tbk_detail.html,madde:109:tpl:1,train_pending_review,,,,,TBK m.109'e göre temel kural nedir?,"[Kaynak: TBK m.109] Başlık: Alacaklı, tevdi edilen şeyi kabul ettiğini açıklamış
veya tevdi bir rehnin ortadan kaldırılması sonucunu doğurmuş olmadıkça borçlu, tevdi edilen şeyi geri alabilir. Tevdi edilen şey geri alındığı anda alacak, bütün yan haklarıyla birlikte varlığını sürdürür.","TBK m.109 metnine göre: ""veya tevdi bir rehnin ortadan kaldırılması sonucunu doğurmuş olmadıkça borçlu, tevdi edilen şeyi geri alabilir."" [Kaynak: TBK m.109]",,,,
81,cd850735495128c5,,,,api-gateway/src/data_pipeline/fixtures/tbk_detail.html,madde:109:tpl:3,train_pending_review,,,,,TBK m.109 kapsamında düzenlenen hususu tek paragrafta özetler misin?,"[Kaynak: TBK m.109] Başlık: Alacaklı, tevdi edilen şeyi kabul ettiğini açıklamış
veya tevdi bir rehnin ortadan kaldırılması sonucunu doğurmuş olmadıkça borçlu, tevdi edilen şeyi geri alabilir. Tevdi edilen şey geri alındığı anda alacak, bütün yan haklarıyla birlikte varlığını sürdürür.","Özet: ""veya tevdi bir rehnin ortadan kaldırılması sonucunu doğurmuş olmadıkça borçlu, tevdi edilen şeyi geri alabilir."" [Kaynak: TBK m.109]",,,,
82,ceff2b40c4d4ebbf,,,,api-gateway/src/data_pipeline/fixtures/tbk_detail.html,madde:G1:tpl:3,train_pending_review,,,,,TBK Geçici m.1 kapsamında düzenlenen hususu tek paragrafta özetler misin?,"[Kaynak: TBK Geçici m.1]
(Ek:8/6/2022-7409/4 md.) Konut kiraları bakımından bu maddenin yürürlüğe girdiği tarih ilâ 1/7/2023 (bu tarih dâhil) tarihleri arasında yenilenen kira dönemlerinde uygulanacak kira bedeline ilişkin anlaşmalar, bir önceki kira yılına ait kira bedelinin yüzde yirmi beşini geçmemek koşuluyla geçerlidir. Bir önceki kira yılının tüketici fiyat endeksindeki oniki aylık ortalamalara göre değişim oranının yüzde yirmi beşin altında kalması halinde değişim oranı geçerlidir. Bu kural, bir yıldan daha uzun süreli kira sözleşmelerinde de uygulanır. Bu oranları geçecek şekilde yapılan sözleşmeler, fazla miktar yönünden geçersizdir. Bu fıkra hükmü, 344 üncü maddenin ikinci fıkrası uyarınca hâkim tarafından verilecek kararlar bakımından da uygulanır.","Özet: ""(Ek:8/6/2022-7409/4 md.) Konut kiraları bakımından bu maddenin yürürlüğe girdiği tarih ilâ 1/7/2023 (bu tarih dâhil) tarihleri arasında yenilenen kira dönemlerinde uygulanacak kira bedeline ilişkin anlaşmalar, bir önceki kira yılına ait kira bedelinin yüzde yirmi beşini geçmemek koşuluyla geçerlidir."" [Kaynak: TBK Geçici m.1]",,,,
83,d47e0f3189faa774,,,,api-gateway/src/data_pipeline/fixtures/tbk_detail.html,madde:111:tpl:2,train_pending_review,,,,,TBK m.111 hükmünü kaynak metne dayanarak kısa şekilde açıklar mısın?,"[Kaynak: TBK m.111] Başlık: F. Diğer ifa engelleri / Borçlunun kusuru olmaksızın, alacağın kime ait
olduğunda veya alacaklının kimliğinde duraksama sebebiyle ya da alacaklıdan kaynaklanan diğer kişisel bir sebeple borç, alacaklıya veya temsilcisine ifa edilemezse borçlu, alacaklının temerrüdünde olduğu gibi, tevdi ya da sözleşmeden dönme hakkını kullanabilir. İKİNCİ AYIRIM Borçların İfa Edilmemesinin Sonuçları A. Borcun ifa edilmemesi I. Giderim borcu","Madde metni şu kuralı içerir: ""olduğunda veya alacaklının kimliğinde duraksama sebebiyle ya da alacaklıdan kaynaklanan diğer kişisel bir sebeple borç, alacaklıya veya temsilcisine ifa edilemezse borçlu, alacaklının temerrüdünde olduğu gibi, tevdi ya da sözleşmeden dönme hakkını kullanabilir."" [Kaynak: TBK m.111]",,,,
84,d812944839ff387b,,,,api-gateway/src/data_pipeline/fixtures/tbk_detail.html,madde:110:tpl:4,train_pending_review,,,,,TBK m.110 metninden doğrudan dayanakla cevap ver: bu maddede hangi ilke yazılıdır?,"[Kaynak: TBK m.110] Başlık: 2. Diğer edimlerde / Borcun konusu bir şeyin teslimini gerektirmiyorsa,
alacaklının temerrüdü hâlinde borçlu, borçlunun temerrüdüne ilişkin hükümlere göre sözleşmeden dönebilir.","Doğrudan metin dayanağı: ""alacaklının temerrüdü hâlinde borçlu, borçlunun temerrüdüne ilişkin hükümlere göre sözleşmeden dönebilir."" [Kaynak: TBK m.110]",,,,
85,d93ac3c0b4182bc7,,,,api-gateway/src/data_pipeline/fixtures/tbk_detail.html,madde:G1:tpl:4,train_pending_review,,,,,TBK Geçici m.1 metninden doğrudan dayanakla cevap ver: bu maddede hangi ilke yazılıdır?,"[Kaynak: TBK Geçici m.1]
(Ek:8/6/2022-7409/4 md.) Konut kiraları bakımından bu maddenin yürürlüğe girdiği tarih ilâ 1/7/2023 (bu tarih dâhil) tarihleri arasında yenilenen kira dönemlerinde uygulanacak kira bedeline ilişkin anlaşmalar, bir önceki kira yılına ait kira bedelinin yüzde yirmi beşini geçmemek koşuluyla geçerlidir. Bir önceki kira yılının tüketici fiyat endeksindeki oniki aylık ortalamalara göre değişim oranının yüzde yirmi beşin altında kalması halinde değişim oranı geçerlidir. Bu kural, bir yıldan daha uzun süreli kira sözleşmelerinde de uygulanır. Bu oranları geçecek şekilde yapılan sözleşmeler, fazla miktar yönünden geçersizdir. Bu fıkra hükmü, 344 üncü maddenin ikinci fıkrası uyarınca hâkim tarafından verilecek kararlar bakımından da uygulanır.","Doğrudan metin dayanağı: ""(Ek:8/6/2022-7409/4 md.) Konut kiraları bakımından bu maddenin yürürlüğe girdiği tarih ilâ 1/7/2023 (bu tarih dâhil) tarihleri arasında yenilenen kira dönemlerinde uygulanacak kira bedeline ilişkin anlaşmalar, bir önceki kira yılına ait kira bedelinin yüzde yirmi beşini geçmemek koşuluyla geçerlidir."" [Kaynak: TBK Geçici m.1]",,,,
86,da29e41ccdb4d292,,,,api-gateway/src/data_pipeline/fixtures/tbk_detail.html,madde:1:tpl:2,train_pending_review,,,,,TBK m.1 hükmünü kaynak metne dayanarak kısa şekilde açıklar mısın?,"[Kaynak: TBK m.1] Başlık: Sözleşme, tarafların iradelerini karşılıklı ve birbirine
uygun olarak açıklamalarıyla kurulur. İrade açıklaması, açık veya örtülü olabilir.","Madde metni şu kuralı içerir: ""uygun olarak açıklamalarıyla kurulur. İrade açıklaması, açık veya örtülü olabilir."" [Kaynak: TBK m.1]",,,,
87,dacb372c7d52252a,,,,api-gateway/src/data_pipeline/fixtures/tbk_detail.html,madde:100:tpl:2,train_pending_review,,,,,TBK m.100 hükmünü kaynak metne dayanarak kısa şekilde açıklar mısın?,"[Kaynak: TBK m.100] Başlık: 1. Kısmen ödemede / Borçlu, faiz veya giderleri ödemede gecikmemiş ise,
kısmen yaptığı ödemeyi ana borçtan düşme hakkına sahiptir. Aksine anlaşma yapılamaz. Alacaklı, alacağın bir kısmı için kefalet, rehin veya başka bir güvence almış ise, borçlu kısmen yaptığı ödemeyi, güvence altına alınan veya güvencesi daha iyi olan kısma mahsup etme hakkına sahip değildir.","Madde metni şu kuralı içerir: ""kısmen yaptığı ödemeyi ana borçtan düşme hakkına sahiptir. Aksine anlaşma yapılamaz."" [Kaynak: TBK m.100]",,,,
88,dffb90da7aa3341d,,,,api-gateway/src/data_pipeline/fixtures/tbk_detail.html,madde:101:tpl:2,train_pending_review,,,,,TBK m.101 hükmünü kaynak metne dayanarak kısa şekilde açıklar mısın?,"[Kaynak: TBK m.101] Başlık: 2. Birden çok borçta / Birden çok borcu bulunan borçlu, ödeme gününde bu
borçlardan hangisini ödemek istediğini alacaklıya bildirebilir. Borçlu bildirimde bulunmazsa, yapılan ödeme, kendisi tarafından derhâl itiraz edilmiş olmadıkça, alacaklının makbuzda gösterdiği borç için yapılmış sayılır. b. Kanuna göre","Madde metni şu kuralı içerir: ""borçlardan hangisini ödemek istediğini alacaklıya bildirebilir. Borçlu bildirimde bulunmazsa, yapılan ödeme, kendisi tarafından derhâl itiraz edilmiş olmadıkça, alacaklının makbuzda gösterdiği borç için yapılmış sayılır."" [Kaynak: TBK m.101]",,,,
89,e217593349df2835,,,,api-gateway/src/data_pipeline/fixtures/tbk_detail.html,madde:106:tpl:4,train_pending_review,,,,,TBK m.106 metninden doğrudan dayanakla cevap ver: bu maddede hangi ilke yazılıdır?,"[Kaynak: TBK m.106] Başlık: I. Koşulları / Yapma veya verme
edimi gereği gibi kendisine önerilen alacaklı, haklı bir sebep olmaksızın onu kabulden veya borçlunun borcunu ifa edebilmesi için kendisi tarafından yapılması gereken hazırlık fiillerini yapmaktan kaçınırsa, temerrüde düşmüş olur. Alacaklı, müteselsil borçlulardan birine karşı temerrüde düşerse, diğerlerine karşı da temerrüde düşmüş olur. II. Hükümleri","Doğrudan metin dayanağı: ""edimi gereği gibi kendisine önerilen alacaklı, haklı bir sebep olmaksızın onu kabulden veya borçlunun borcunu ifa edebilmesi için kendisi tarafından yapılması gereken hazırlık fiillerini yapmaktan kaçınırsa, temerrüde düşmüş olur."" [Kaynak: TBK m.106]",,,,
90,e347df0b11929887,,,,api-gateway/src/data_pipeline/fixtures/tbk_detail.html,madde:111:tpl:3,train_pending_review,,,,,TBK m.111 kapsamında düzenlenen hususu tek paragrafta özetler misin?,"[Kaynak: TBK m.111] Başlık: F. Diğer ifa engelleri / Borçlunun kusuru olmaksızın, alacağın kime ait
olduğunda veya alacaklının kimliğinde duraksama sebebiyle ya da alacaklıdan kaynaklanan diğer kişisel bir sebeple borç, alacaklıya veya temsilcisine ifa edilemezse borçlu, alacaklının temerrüdünde olduğu gibi, tevdi ya da sözleşmeden dönme hakkını kullanabilir. İKİNCİ AYIRIM Borçların İfa Edilmemesinin Sonuçları A. Borcun ifa edilmemesi I. Giderim borcu","Özet: ""olduğunda veya alacaklının kimliğinde duraksama sebebiyle ya da alacaklıdan kaynaklanan diğer kişisel bir sebeple borç, alacaklıya veya temsilcisine ifa edilemezse borçlu, alacaklının temerrüdünde olduğu gibi, tevdi ya da sözleşmeden dönme hakkını kullanabilir."" [Kaynak: TBK m.111]",,,,
91,e894f2996fe5388d,,,,api-gateway/src/data_pipeline/fixtures/tbk_detail.html,madde:118:tpl:2,train_pending_review,,,,,TBK m.118 hükmünü kaynak metne dayanarak kısa şekilde açıklar mısın?,"[Kaynak: TBK m.118] Başlık: 1. Genel olarak / Temerrüde düşen borçlu, temerrüde düşmekte kusuru
olmadığını ispat etmedikçe, borcun geç ifasından dolayı alacaklının uğradığı zararı gidermekle yükümlüdür. b. Beklenmedik hâlden sorumluluk","Madde metni şu kuralı içerir: ""olmadığını ispat etmedikçe, borcun geç ifasından dolayı alacaklının uğradığı zararı gidermekle yükümlüdür."" [Kaynak: TBK m.118]",,,,
92,e90ca852ce7396a9,,,,api-gateway/src/data_pipeline/fixtures/tbk_detail.html,madde:108:tpl:1,train_pending_review,,,,,TBK m.108'e göre temel kural nedir?,"[Kaynak: TBK m.108] Başlık: Sözleşmenin konusu olan şeyin niteliği veya işin
özelliği tevdi edilmesine uygun düşmez veya teslim edilecek şey bozulabilir ya da bakımı, korunması veya tevdi edilmesi önemli bir gideri gerektirir ise, borçlu, alacaklıya önceden ihtarda bulunması koşuluyla, hâkimin izniyle onu açık artırma yoluyla sattırıp bedelini tevdi edebilir. Teslim edilecek şey, borsada kayıtlıysa veya piyasa fiyatı varsa ya da yapılacak gidere oranla değeri az ise, satışın açık artırma yoluyla yapılması zorunlu olmadığı gibi, hâkim, önceden ihtarda bulunma koşulunu aramaksızın satışa izin verebilir. c. Tevdi konusunu geri alma","TBK m.108 metnine göre: ""özelliği tevdi edilmesine uygun düşmez veya teslim edilecek şey bozulabilir ya da bakımı, korunması veya tevdi edilmesi önemli bir gideri gerektirir ise, borçlu, alacaklıya önceden ihtarda bulunması koşuluyla, hâkimin izniyle onu açık artırma yoluyla sattırıp bedelini tevdi edebilir."" [Kaynak: TBK m.108]",,,,
93,ec5fd78da1e8f67e,,,,api-gateway/src/data_pipeline/fixtures/tbk_detail.html,madde:119:tpl:1,train_pending_review,,,,,TBK m.119'e göre temel kural nedir?,"[Kaynak: TBK m.119] Başlık: Temerrüde düşen borçlu, beklenmedik hâl sebebiyle
doğacak zarardan sorumludur. Borçlu, temerrüde düşmekte kusuru olmadığını veya borcunu zamanında ifa etmiş olsaydı bile beklenmedik hâlin ifa konusu şeye zarar vereceğini ispat ederek bu sorumluluktan kurtulabilir.","TBK m.119 metnine göre: ""doğacak zarardan sorumludur. Borçlu, temerrüde düşmekte kusuru olmadığını veya borcunu zamanında ifa etmiş olsaydı bile beklenmedik hâlin ifa konusu şeye zarar vereceğini ispat ederek bu sorumluluktan kurtulabilir."" [Kaynak: TBK m.119]",,,,
94,ecd0150416e49796,,,,api-gateway/src/data_pipeline/fixtures/tbk_detail.html,madde:105:tpl:1,train_pending_review,,,,,TBK m.105'e göre temel kural nedir?,"[Kaynak: TBK m.105] Başlık: 3. Senedin geri / Alacaklı, borç senedini kaybettiğini iddia ederse,
borçlunun istemi üzerine, borcu ödeme sırasında, kendisine borç senedinin iptalini ve borcun sona ermiş olduğunu gösteren resmen düzenlenmiş veya usulüne göre onaylanmış bir belge vermek zorundadır. Kıymetli evrakın iptaline ilişkin hükümler saklıdır. E. Alacaklının temerrüdü","TBK m.105 metnine göre: ""borçlunun istemi üzerine, borcu ödeme sırasında, kendisine borç senedinin iptalini ve borcun sona ermiş olduğunu gösteren resmen düzenlenmiş veya usulüne göre onaylanmış bir belge vermek zorundadır."" [Kaynak: TBK m.105]",,,,
95,ed772bc457752d62,,,,api-gateway/src/data_pipeline/fixtures/tbk_detail.html,madde:100:tpl:1,train_pending_review,,,,,TBK m.100'e göre temel kural nedir?,"[Kaynak: TBK m.100] Başlık: 1. Kısmen ödemede / Borçlu, faiz veya giderleri ödemede gecikmemiş ise,
kısmen yaptığı ödemeyi ana borçtan düşme hakkına sahiptir. Aksine anlaşma yapılamaz. Alacaklı, alacağın bir kısmı için kefalet, rehin veya başka bir güvence almış ise, borçlu kısmen yaptığı ödemeyi, güvence altına alınan veya güvencesi daha iyi olan kısma mahsup etme hakkına sahip değildir.","TBK m.100 metnine göre: ""kısmen yaptığı ödemeyi ana borçtan düşme hakkına sahiptir. Aksine anlaşma yapılamaz."" [Kaynak: TBK m.100]",,,,
96,ee1482bff3019dc3,,,,api-gateway/src/data_pipeline/fixtures/tbk_detail.html,madde:103:tpl:3,train_pending_review,,,,,TBK m.103 kapsamında düzenlenen hususu tek paragrafta özetler misin?,"[Kaynak: TBK m.103] Başlık: 1. Borçlunun hakkı / Borcu ödeyen borçlu, bir makbuz ve borcun tamamı
ödenmişse, buna ilişkin borç senedinin geri verilmesini veya iptalini isteyebilir. Borcun tamamı ödenmemiş veya borç senedi alacaklıya başkaca haklar da vermekte ise borçlu, ancak makbuz verilmesini ve ödemenin borç senedine işlenmesini isteyebilir.","Özet: ""ödenmişse, buna ilişkin borç senedinin geri verilmesini veya iptalini isteyebilir."" [Kaynak: TBK m.103]",,,,
97,f2fca64d204bc91f,,,,api-gateway/src/data_pipeline/fixtures/tbk_detail.html,madde:114:tpl:4,train_pending_review,,,,,TBK m.114 metninden doğrudan dayanakla cevap ver: bu maddede hangi ilke yazılıdır?,"[Kaynak: TBK m.114] Başlık: 1. Genel olarak / Borçlu, genel olarak her türlü kusurdan sorumludur.
Borçlunun sorumluluğunun kapsamı, işin özel niteliğine göre belirlenir. İş özellikle borçlu için bir yarar sağlamıyorsa, sorumluluk daha hafif olarak değerlendirilir. Haksız fiil sorumluluğuna ilişkin hükümler, kıyas yoluyla sözleşmeye aykırılık hâllerine de uygulanır.","Doğrudan metin dayanağı: ""Borçlunun sorumluluğunun kapsamı, işin özel niteliğine göre belirlenir. İş özellikle borçlu için bir yarar sağlamıyorsa, sorumluluk daha hafif olarak değerlendirilir."" [Kaynak: TBK m.114]",,,,
98,f43ec0008f57d8cd,,,,api-gateway/src/data_pipeline/fixtures/tbk_detail.html,madde:112:tpl:3,train_pending_review,,,,,TBK m.112 kapsamında düzenlenen hususu tek paragrafta özetler misin?,"[Kaynak: TBK m.112] Başlık: 1. Genel olarak / Borç hiç veya gereği gibi ifa edilmezse borçlu, kendisine
hiçbir kusurun yüklenemeyeceğini ispat etmedikçe, alacaklının bundan doğan zararını gidermekle yükümlüdür.","Özet: ""hiçbir kusurun yüklenemeyeceğini ispat etmedikçe, alacaklının bundan doğan zararını gidermekle yükümlüdür."" [Kaynak: TBK m.112]",,,,
99,f6b5d480e751b945,,,,api-gateway/src/data_pipeline/fixtures/tbk_detail.html,madde:1:tpl:3,train_pending_review,,,,,TBK m.1 kapsamında düzenlenen hususu tek paragrafta özetler misin?,"[Kaynak: TBK m.1] Başlık: Sözleşme, tarafların iradelerini karşılıklı ve birbirine
uygun olarak açıklamalarıyla kurulur. İrade açıklaması, açık veya örtülü olabilir.","Özet: ""uygun olarak açıklamalarıyla kurulur. İrade açıklaması, açık veya örtülü olabilir."" [Kaynak: TBK m.1]",,,,
100,ffa2aad40f0aada0,,,,api-gateway/src/data_pipeline/fixtures/tbk_detail.html,madde:113:tpl:4,train_pending_review,,,,,TBK m.113 metninden doğrudan dayanakla cevap ver: bu maddede hangi ilke yazılıdır?,"[Kaynak: TBK m.113] Başlık: 2. Yapma ve yapmama / Yapma borcu, borçlu tarafından ifa edilmediği takdirde
alacaklı, masrafı borçluya ait olmak üzere edimin kendisi veya başkası tarafından ifasına izin verilmesini isteyebilir; her türlü giderim isteme hakkı saklıdır. Yapmama borcuna aykırı davranan borçlu, bu aykırı davranışının doğurduğu zararı gidermekle yükümlüdür. Alacaklı, ayrıca borca aykırı durumun ortadan kaldırılmasını veya bu konuda masrafı borçluya ait olmak üzere kendisinin yetkili kılınmasını isteyebilir. II. Sorumluluğun ve giderim borcunun kapsamı","Doğrudan metin dayanağı: ""alacaklı, masrafı borçluya ait olmak üzere edimin kendisi veya başkası tarafından ifasına izin verilmesini isteyebilir; her türlü giderim isteme hakkı saklıdır."" [Kaynak: TBK m.113]",,,,
